,area,equivalent_diameter,centroid_x,centroid_y,orientation,major_axis_length,minor_axis_length,perimeter
1,25,1.1283791670955126,4603.0,1.0,45.00001609038752,0.0,0.0,0.0
2,500,5.046265044040321,9667.2,6.2,2.6084454486035304,9.182215034725441,3.2259769149921143,16.692388155425117
3,925,6.863662517577698,9677.297297297297,10.675675675675675,-19.486101365527304,15.105993616796628,4.467107440758891,29.52081528017131
4,75,1.9544100476116797,4567.0,6.0,0.0,3.265986323710904,0.0,1.0
5,25,1.1283791670955126,4583.0,5.0,45.00001609038752,0.0,0.0,0.0
6,25,1.1283791670955126,4584.0,6.0,45.00001609038752,0.0,0.0,0.0
7,7566375,620.7675204227592,8993.140298359518,450.89401133303596,-16.579882517375697,840.9055302690554,504.13174133696947,2661.5129855222067
8,75,1.9544100476116797,4568.0,10.0,0.0,3.265986323710904,0.0,1.0
9,1775,9.507891862878783,4585.971830985915,16.633802816901408,-88.68119349066099,39.9986082352005,9.191748940780235,62.10660171779821
10,125,2.5231325220201604,9666.0,13.2,34.0993074495102,3.335641688875783,2.0575457524521585,5.621320343559642
11,75,1.9544100476116797,9670.333333333334,14.666666666666666,-45.00001609038752,2.3094010767585034,1.3333333333333333,3.414213562373095
12,2975,12.309163489997376,5404.798319327731,29.058823529411764,57.485263094130616,29.785631746839343,12.376817316051348,70.97665940288701
13,50,1.5957691216057308,11604.5,19.0,90.00003218077504,2.0,0.0,0.0
14,50,1.5957691216057308,5415.0,20.5,0.0,2.0,0.0,0.0
15,25,1.1283791670955126,11603.0,20.0,45.00001609038752,0.0,0.0,0.0
16,50,1.5957691216057308,11601.5,21.0,90.00003218077504,2.0,0.0,0.0
17,25,1.1283791670955126,5414.0,22.0,45.00001609038752,0.0,0.0,0.0
18,50,1.5957691216057308,11599.5,22.0,90.00003218077504,2.0,0.0,0.0
19,25,1.1283791670955126,11598.0,23.0,45.00001609038752,0.0,0.0,0.0
20,25,1.1283791670955126,11595.0,29.0,45.00001609038752,0.0,0.0,0.0
21,25,1.1283791670955126,11625.0,32.0,45.00001609038752,0.0,0.0,0.0
22,100,2.256758334191025,7586.5,34.5,45.00001609038752,2.0,2.0,4.0
23,135650,83.11797500981959,8866.082196830077,86.11592333210469,23.469020319749657,111.19950010158672,69.14193241947396,357.8711037056153
24,25,1.1283791670955126,10542.0,34.0,45.00001609038752,0.0,0.0,0.0
25,25,1.1283791670955126,10542.0,37.0,45.00001609038752,0.0,0.0,0.0
26,200,3.1915382432114616,10608.0,37.75,82.53432092223639,6.984716318104124,1.4878635540969356,7.0
27,25,1.1283791670955126,10623.0,37.0,45.00001609038752,0.0,0.0,0.0
28,25,1.1283791670955126,7587.0,38.0,45.00001609038752,0.0,0.0,0.0
29,175,2.985410660720923,11595.0,40.0,28.154976304217158,5.896459480240757,1.3428306554839582,7.414213562373095
30,25,1.1283791670955126,10630.0,40.0,45.00001609038752,0.0,0.0,0.0
31,25,1.1283791670955126,7586.0,42.0,45.00001609038752,0.0,0.0,0.0
32,1093500,235.99046100788908,6875.580635573845,186.42153635116597,16.21389822019878,282.30007002950254,204.31307166175034,925.0620125646253
33,25,1.1283791670955126,11597.0,44.0,45.00001609038752,0.0,0.0,0.0
34,650,5.753627391751592,11603.346153846154,50.57692307692308,58.47178826996696,15.352086070527859,2.8544303827089172,20.44974746830583
35,25,1.1283791670955126,11625.0,46.0,45.00001609038752,0.0,0.0,0.0
36,25,1.1283791670955126,11624.0,49.0,45.00001609038752,0.0,0.0,0.0
37,25,1.1283791670955126,11622.0,52.0,45.00001609038752,0.0,0.0,0.0
38,25,1.1283791670955126,11621.0,53.0,45.00001609038752,0.0,0.0,0.0
39,75,1.9544100476116797,11611.666666666666,54.333333333333336,-45.00001609038752,2.3094010767585034,1.3333333333333333,3.414213562373095
40,25,1.1283791670955126,11620.0,54.0,45.00001609038752,0.0,0.0,0.0
41,50,1.5957691216057308,4260.0,55.5,0.0,2.0,0.0,0.0
42,50,1.5957691216057308,11618.5,55.0,90.00003218077504,2.0,0.0,0.0
43,25,1.1283791670955126,11613.0,56.0,45.00001609038752,0.0,0.0,0.0
44,25,1.1283791670955126,11617.0,56.0,45.00001609038752,0.0,0.0,0.0
45,50,1.5957691216057308,11614.0,57.5,0.0,2.0,0.0,0.0
46,25,1.1283791670955126,11616.0,57.0,45.00001609038752,0.0,0.0,0.0
47,4917925,500.46764482998,7780.64276092051,361.91670267440026,36.1931936644183,594.2838374653157,483.96900822708574,4316.033980271127
48,7232900,606.9337460749717,9412.132737214672,489.02552572273913,2.4499411776759907,974.926736317429,434.92572258039354,3337.0064555919084
49,25,1.1283791670955126,10590.0,67.0,45.00001609038752,0.0,0.0,0.0
50,25,1.1283791670955126,10513.0,73.0,45.00001609038752,0.0,0.0,0.0
51,25,1.1283791670955126,4263.0,75.0,45.00001609038752,0.0,0.0,0.0
52,5445525,526.6291967539948,6668.385848931003,730.0356072187714,-5.277293050268056,1088.141280423741,331.2961302023089,2852.4145724998716
53,257775,114.57911217043123,1753.8457957521093,178.23896809232858,-28.393881394292144,155.77161960821087,92.67026818304778,455.97265478953017
54,150,2.763953195770684,5892.5,100.16666666666667,59.03626457717169,4.320493798938573,1.8856180831641272,6.621320343559642
55,50,1.5957691216057308,5884.5,101.0,90.00003218077504,2.0,0.0,0.0
56,25,1.1283791670955126,5887.0,101.0,45.00001609038752,0.0,0.0,0.0
57,25,1.1283791670955126,5895.0,102.0,45.00001609038752,0.0,0.0,0.0
58,527375,163.88712028767927,3355.154728608675,185.2020858023228,75.40493111890343,204.80230041250363,137.64005703760796,619.3279938488577
59,25,1.1283791670955126,5897.0,103.0,45.00001609038752,0.0,0.0,0.0
60,25,1.1283791670955126,5898.0,104.0,45.00001609038752,0.0,0.0,0.0
61,25,1.1283791670955126,5899.0,105.0,45.00001609038752,0.0,0.0,0.0
62,25,1.1283791670955126,5900.0,106.0,45.00001609038752,0.0,0.0,0.0
63,25,1.1283791670955126,5874.0,107.0,45.00001609038752,0.0,0.0,0.0
64,25,1.1283791670955126,5901.0,108.0,45.00001609038752,0.0,0.0,0.0
65,100,2.256758334191025,5902.0,111.5,0.0,4.47213595499958,0.0,2.0
66,25,1.1283791670955126,4264.0,114.0,45.00001609038752,0.0,0.0,0.0
67,75,1.9544100476116797,5902.0,116.0,0.0,3.265986323710904,0.0,1.0
68,25,1.1283791670955126,5901.0,120.0,45.00001609038752,0.0,0.0,0.0
69,150,2.763953195770684,8831.5,121.16666666666667,-59.03626457717169,4.320493798938573,1.8856180831641272,6.621320343559642
70,25,1.1283791670955126,8840.0,120.0,45.00001609038752,0.0,0.0,0.0
71,25,1.1283791670955126,8847.0,120.0,45.00001609038752,0.0,0.0,0.0
72,975075,222.84560117557976,9654.813783555112,296.28800348691124,2.077143778705453,334.30454896121233,166.7547201556979,952.4478348960022
73,150,2.763953195770684,8836.0,121.5,-72.39122940040403,5.404236119112784,1.208676398190789,4.0
74,25,1.1283791670955126,5900.0,122.0,45.00001609038752,0.0,0.0,0.0
75,25,1.1283791670955126,5899.0,123.0,45.00001609038752,0.0,0.0,0.0
76,25,1.1283791670955126,8829.0,123.0,45.00001609038752,0.0,0.0,0.0
77,25,1.1283791670955126,5875.0,124.0,45.00001609038752,0.0,0.0,0.0
78,500,5.046265044040321,5892.05,126.55,-72.26060874277869,14.618299822660918,2.329229549613298,20.207106781186546
79,50,1.5957691216057308,8827.5,124.0,90.00003218077504,2.0,0.0,0.0
80,25,1.1283791670955126,8826.0,125.0,45.00001609038752,0.0,0.0,0.0
81,25,1.1283791670955126,5877.0,126.0,45.00001609038752,0.0,0.0,0.0
82,175,2.985410660720923,8823.0,127.0,-61.84505587655787,5.896459480240757,1.3428306554839582,7.414213562373095
83,25,1.1283791670955126,9212.0,126.0,45.00001609038752,0.0,0.0,0.0
84,25,1.1283791670955126,5878.0,127.0,45.00001609038752,0.0,0.0,0.0
85,125,2.5231325220201604,9245.6,128.2,-18.43495541459913,3.098386676965933,1.7888543819998317,5.207106781186548
86,25,1.1283791670955126,5879.0,128.0,45.00001609038752,0.0,0.0,0.0
87,50,1.5957691216057308,5882.5,128.0,90.00003218077504,2.0,0.0,0.0
88,50,1.5957691216057308,5880.5,129.0,90.00003218077504,2.0,0.0,0.0
89,25,1.1283791670955126,8820.0,129.0,45.00001609038752,0.0,0.0,0.0
90,25,1.1283791670955126,8878.0,129.0,45.00001609038752,0.0,0.0,0.0
91,25,1.1283791670955126,8819.0,130.0,45.00001609038752,0.0,0.0,0.0
92,25,1.1283791670955126,9247.0,130.0,45.00001609038752,0.0,0.0,0.0
93,50,1.5957691216057308,8817.5,131.0,90.00003218077504,2.0,0.0,0.0
94,2125,10.403141895720198,8864.364705882354,140.98823529411766,-1.0919844627627422,23.747810856469254,4.921075213351726,50.83452377915607
95,50,1.5957691216057308,9198.0,131.5,0.0,2.0,0.0,0.0
96,25,1.1283791670955126,8816.0,132.0,45.00001609038752,0.0,0.0,0.0
97,25,1.1283791670955126,8815.0,133.0,45.00001609038752,0.0,0.0,0.0
98,25,1.1283791670955126,8884.0,133.0,45.00001609038752,0.0,0.0,0.0
99,100,2.256758334191025,8370.0,134.75,90.00003218077504,2.8284271247461903,1.7320508075688772,4.621320343559642
100,25,1.1283791670955126,8885.0,134.0,45.00001609038752,0.0,0.0,0.0
101,25,1.1283791670955126,8367.0,135.0,45.00001609038752,0.0,0.0,0.0
102,125,2.5231325220201604,8374.2,136.2,45.00001609038752,4.0,1.3856406460551023,5.414213562373095
103,25,1.1283791670955126,8886.0,135.0,45.00001609038752,0.0,0.0,0.0
104,75,1.9544100476116797,8364.333333333334,136.33333333333334,45.00001609038752,2.3094010767585034,1.3333333333333333,3.414213562373095
105,25,1.1283791670955126,8372.0,136.0,45.00001609038752,0.0,0.0,0.0
106,25,1.1283791670955126,8887.0,136.0,45.00001609038752,0.0,0.0,0.0
107,25,1.1283791670955126,8379.0,137.0,45.00001609038752,0.0,0.0,0.0
108,25,1.1283791670955126,8888.0,137.0,45.00001609038752,0.0,0.0,0.0
109,100,2.256758334191025,8362.5,139.0,-31.71748575249332,3.23606797749979,1.2360679774997898,4.414213562373095
110,200,3.1915382432114616,8810.5,139.0,-73.15499239460468,4.60555127546399,2.6055512754639896,8.82842712474619
111,25,1.1283791670955126,8889.0,138.0,45.00001609038752,0.0,0.0,0.0
112,25,1.1283791670955126,8382.0,139.0,45.00001609038752,0.0,0.0,0.0
113,50,1.5957691216057308,8890.5,139.0,90.00003218077504,2.0,0.0,0.0
114,25,1.1283791670955126,8384.0,140.0,45.00001609038752,0.0,0.0,0.0
115,75,1.9544100476116797,8892.333333333334,140.66666666666666,-45.00001609038752,2.3094010767585034,1.3333333333333333,3.414213562373095
116,50,1.5957691216057308,8361.0,141.5,0.0,2.0,0.0,0.0
117,25,1.1283791670955126,8385.0,141.0,45.00001609038752,0.0,0.0,0.0
118,25,1.1283791670955126,8808.0,141.0,45.00001609038752,0.0,0.0,0.0
119,25,1.1283791670955126,8894.0,142.0,45.00001609038752,0.0,0.0,0.0
120,25,1.1283791670955126,4367.0,143.0,45.00001609038752,0.0,0.0,0.0
121,25,1.1283791670955126,8807.0,143.0,45.00001609038752,0.0,0.0,0.0
122,25,1.1283791670955126,8360.0,144.0,45.00001609038752,0.0,0.0,0.0
123,25,1.1283791670955126,8388.0,144.0,45.00001609038752,0.0,0.0,0.0
124,50,1.5957691216057308,8806.0,144.5,0.0,2.0,0.0,0.0
125,50,1.5957691216057308,8805.0,146.5,0.0,2.0,0.0,0.0
126,50,1.5957691216057308,8897.5,146.0,90.00003218077504,2.0,0.0,0.0
127,50,1.5957691216057308,8804.0,148.5,0.0,2.0,0.0,0.0
128,25,1.1283791670955126,983.0,150.0,45.00001609038752,0.0,0.0,0.0
129,50,1.5957691216057308,8803.0,150.5,0.0,2.0,0.0,0.0
130,50,1.5957691216057308,984.0,151.5,0.0,2.0,0.0,0.0
131,25,1.1283791670955126,983.0,153.0,45.00001609038752,0.0,0.0,0.0
132,1950,9.965574970333758,983.2435897435897,163.46153846153845,2.9661987999037387,18.165399596022812,8.887853026213085,57.66295090390226
133,25,1.1283791670955126,8377.0,154.0,45.00001609038752,0.0,0.0,0.0
134,25,1.1283791670955126,8379.0,154.0,45.00001609038752,0.0,0.0,0.0
135,25,1.1283791670955126,8802.0,154.0,45.00001609038752,0.0,0.0,0.0
136,450,4.787307364817192,4295.833333333333,157.55555555555554,-70.69942657265547,11.287177350313666,2.6023963896261115,17.621320343559642
137,50,1.5957691216057308,8378.0,156.5,0.0,2.0,0.0,0.0
138,25,1.1283791670955126,988.0,158.0,45.00001609038752,0.0,0.0,0.0
139,150,2.763953195770684,4302.666666666667,158.83333333333334,82.53432092223639,6.011486661777879,1.2805490592103137,5.207106781186548
140,25,1.1283791670955126,8376.0,158.0,45.00001609038752,0.0,0.0,0.0
141,475,4.918490759365935,4285.894736842105,161.31578947368422,-59.213183498847116,11.466774506188122,2.8659925766067307,17.035533905932738
142,600,5.527906391541368,4317.666666666667,160.66666666666666,80.28244795866836,17.160426199453614,2.1519488293677265,21.414213562373096
143,25,1.1283791670955126,8377.0,159.0,45.00001609038752,0.0,0.0,0.0
144,25,1.1283791670955126,8379.0,159.0,45.00001609038752,0.0,0.0,0.0
145,200,3.1915382432114616,8904.375,161.0,0.0,4.898979485566356,1.9364916731037085,8.414213562373096
146,25,1.1283791670955126,8906.0,159.0,45.00001609038752,0.0,0.0,0.0
147,50,1.5957691216057308,987.0,160.5,0.0,2.0,0.0,0.0
148,75,1.9544100476116797,4306.333333333333,160.66666666666666,-45.00001609038752,2.3094010767585034,1.3333333333333333,3.414213562373095
149,150,2.763953195770684,8799.5,161.5,-18.43495541459913,3.9999999999999996,1.632993161855452,6.414213562373095
150,25,1.1283791670955126,8908.0,160.0,45.00001609038752,0.0,0.0,0.0
151,25,1.1283791670955126,4309.0,161.0,45.00001609038752,0.0,0.0,0.0
152,50,1.5957691216057308,10367.5,161.0,90.00003218077504,2.0,0.0,0.0
153,625,5.641895835477563,972.24,165.0,49.771157049274045,11.009477125795682,4.320857949132512,23.071067811865476
154,75,1.9544100476116797,4326.666666666667,162.66666666666666,45.00001609038752,2.3094010767585034,1.3333333333333333,3.414213562373095
155,50,1.5957691216057308,8909.0,162.5,0.0,2.0,0.0,0.0
156,25,1.1283791670955126,8359.0,163.0,45.00001609038752,0.0,0.0,0.0
157,150,2.763953195770684,8797.666666666666,165.5,0.0,3.8297084310253524,1.8856180831641272,6.414213562373095
158,50,1.5957691216057308,8910.0,164.5,0.0,2.0,0.0,0.0
159,25,1.1283791670955126,4280.0,165.0,45.00001609038752,0.0,0.0,0.0
160,125,2.5231325220201604,4277.8,166.8,45.00001609038752,4.0,1.3856406460551023,5.414213562373095
161,50,1.5957691216057308,8911.0,166.5,0.0,2.0,0.0,0.0
162,25,1.1283791670955126,8361.0,167.0,45.00001609038752,0.0,0.0,0.0
163,375,4.370193722368317,8388.4,170.73333333333332,-39.64521985262108,11.203164938199727,1.7487093115727381,15.414213562373096
164,70175,59.782801892112765,8793.517990737442,222.53687210545067,30.087892334568963,100.93488788437115,44.25914304929423,268.8711037056153
165,50,1.5957691216057308,8912.0,168.5,0.0,2.0,0.0,0.0
166,25,1.1283791670955126,4276.0,169.0,45.00001609038752,0.0,0.0,0.0
167,350,4.222008245644752,4331.857142857143,171.14285714285714,-26.062517493469926,6.186364538648913,3.9916131360140956,12.242640687119284
168,25,1.1283791670955126,8362.0,169.0,45.00001609038752,0.0,0.0,0.0
169,25,1.1283791670955126,976.0,170.0,45.00001609038752,0.0,0.0,0.0
170,300,3.9088200952233594,988.1666666666666,172.25,-23.378502514265893,4.866624534998135,3.297198991706406,10.65685424949238
171,175,2.985410660720923,4274.0,172.0,-28.154976304217158,5.896459480240757,1.3428306554839582,7.414213562373095
172,25,1.1283791670955126,8363.0,170.0,45.00001609038752,0.0,0.0,0.0
173,25,1.1283791670955126,4335.0,171.0,45.00001609038752,0.0,0.0,0.0
174,25,1.1283791670955126,8364.0,171.0,45.00001609038752,0.0,0.0,0.0
175,25,1.1283791670955126,8797.0,171.0,45.00001609038752,0.0,0.0,0.0
176,75,1.9544100476116797,8913.0,172.0,0.0,3.265986323710904,0.0,1.0
177,5498175,529.1689270497372,1643.3191740895843,417.5227143552179,-74.61223669082662,717.0184434740032,410.59841273284707,4400.564896819065
178,350,4.222008245644752,4337.071428571428,173.92857142857142,-19.078620115513008,5.268485195093977,3.636296960619451,11.65685424949238
179,25,1.1283791670955126,8365.0,172.0,45.00001609038752,0.0,0.0,0.0
180,50,1.5957691216057308,979.0,173.5,0.0,2.0,0.0,0.0
181,50,1.5957691216057308,991.5,173.0,90.00003218077504,2.0,0.0,0.0
182,50,1.5957691216057308,8366.5,173.0,90.00003218077504,2.0,0.0,0.0
183,75,1.9544100476116797,8370.0,173.0,90.00003218077504,3.265986323710904,0.0,1.0
184,225,3.385137501286538,8381.111111111111,174.11111111111111,-70.78137456334292,8.084250046417058,1.3436498852626322,8.207106781186548
185,75,1.9544100476116797,4340.333333333333,174.66666666666666,-45.00001609038752,2.3094010767585034,1.3333333333333333,3.414213562373095
186,125,2.5231325220201604,8374.0,174.0,90.00003218077504,5.656854249492381,0.0,3.0
187,3575,13.493452297211721,10378.321678321678,192.6853146853147,8.519593151433856,44.87257799977193,14.230684534358204,94.5269119345812
188,450,4.787307364817192,992.0,178.72222222222223,-7.67064776578634,8.263615771224504,2.7948917363054324,14.035533905932738
189,25,1.1283791670955126,4272.0,175.0,45.00001609038752,0.0,0.0,0.0
190,75,1.9544100476116797,8914.0,176.0,0.0,3.265986323710904,0.0,1.0
191,250,3.5682482323055424,8796.0,180.5,0.0,11.489125293076057,0.0,8.0
192,25,1.1283791670955126,10362.0,176.0,45.00001609038752,0.0,0.0,0.0
193,650,5.753627391751592,984.0,180.23076923076923,23.392430026451255,8.17981266863415,4.4298091476665755,20.071067811865476
194,250,3.5682482323055424,4269.3,179.8,-29.852438682227803,8.40572663497576,1.5696368172475734,9.207106781186548
195,25,1.1283791670955126,4342.0,177.0,45.00001609038752,0.0,0.0,0.0
196,50,1.5957691216057308,7960.5,177.0,90.00003218077504,2.0,0.0,0.0
197,25,1.1283791670955126,10361.0,177.0,45.00001609038752,0.0,0.0,0.0
198,25,1.1283791670955126,4343.0,178.0,45.00001609038752,0.0,0.0,0.0
199,25,1.1283791670955126,7956.0,178.0,45.00001609038752,0.0,0.0,0.0
200,50,1.5957691216057308,7955.0,179.5,0.0,2.0,0.0,0.0
201,25,1.1283791670955126,10360.0,179.0,45.00001609038752,0.0,0.0,0.0
202,25,1.1283791670955126,4344.0,180.0,45.00001609038752,0.0,0.0,0.0
203,25,1.1283791670955126,10359.0,180.0,45.00001609038752,0.0,0.0,0.0
204,50,1.5957691216057308,4345.0,181.5,0.0,2.0,0.0,0.0
205,200,3.1915382432114616,8915.0,184.5,0.0,9.16515138991168,0.0,6.0
206,25,1.1283791670955126,7957.0,182.0,45.00001609038752,0.0,0.0,0.0
207,25,1.1283791670955126,10358.0,182.0,45.00001609038752,0.0,0.0,0.0
208,25,1.1283791670955126,4346.0,183.0,45.00001609038752,0.0,0.0,0.0
209,25,1.1283791670955126,7958.0,183.0,45.00001609038752,0.0,0.0,0.0
210,175,2.985410660720923,997.7142857142857,185.0,0.0,3.0237157840738176,2.799416848895061,6.82842712474619
211,75,1.9544100476116797,4267.0,185.0,0.0,3.265986323710904,0.0,1.0
212,25,1.1283791670955126,10275.0,184.0,45.00001609038752,0.0,0.0,0.0
213,25,1.1283791670955126,10357.0,184.0,45.00001609038752,0.0,0.0,0.0
214,175,2.985410660720923,971.7142857142857,185.85714285714286,71.5650767661759,4.2761798705987895,2.2857142857142856,7.414213562373095
215,25,1.1283791670955126,974.0,185.0,45.00001609038752,0.0,0.0,0.0
216,25,1.1283791670955126,7961.0,185.0,45.00001609038752,0.0,0.0,0.0
217,25,1.1283791670955126,7833.0,186.0,45.00001609038752,0.0,0.0,0.0
218,550,5.292567428401227,8865.5,188.54545454545453,-90.00003218077504,6.4666979068286325,5.749595745760691,19.31370849898476
219,50,1.5957691216057308,10356.0,186.5,0.0,2.0,0.0,0.0
220,250,3.5682482323055424,994.8,188.7,18.222227393906795,4.541385054734408,2.7741344207941614,8.207106781186548
221,25,1.1283791670955126,4266.0,187.0,45.00001609038752,0.0,0.0,0.0
222,1075,7.399277020331919,1003.3488372093024,193.88372093023256,41.26943783184369,13.18806099414226,5.875063135577106,30.727922061357855
223,25,1.1283791670955126,1004.0,188.0,45.00001609038752,0.0,0.0,0.0
224,25,1.1283791670955126,4348.0,188.0,45.00001609038752,0.0,0.0,0.0
225,1425,8.51907589177983,977.0701754385965,197.50877192982455,38.61138835089715,19.93198264919752,5.099457235996758,41.970562748477136
226,75,1.9544100476116797,990.6666666666666,189.33333333333334,-45.00001609038752,2.3094010767585034,1.3333333333333333,3.414213562373095
227,25,1.1283791670955126,1005.0,189.0,45.00001609038752,0.0,0.0,0.0
228,50,1.5957691216057308,4265.0,189.5,0.0,2.0,0.0,0.0
229,125,2.5231325220201604,4349.6,190.4,20.99361375446966,4.34169545110285,1.2765894445250698,4.207106781186548
230,150,2.763953195770684,8797.0,191.5,0.0,6.831300510639732,0.0,4.0
231,25,1.1283791670955126,10356.0,189.0,45.00001609038752,0.0,0.0,0.0
232,200,3.1915382432114616,1007.125,191.375,-33.01876731903472,4.487387140792187,2.3158921927958827,7.207106781186548
233,75,1.9544100476116797,7495.0,190.0,90.00003218077504,3.265986323710904,0.0,1.0
234,75,1.9544100476116797,976.6666666666666,191.33333333333334,-45.00001609038752,2.3094010767585034,1.3333333333333333,3.414213562373095
235,225,3.385137501286538,4264.0,195.0,0.0,10.327955589886445,0.0,7.0
236,50,1.5957691216057308,7492.5,191.0,90.00003218077504,2.0,0.0,0.0
237,25,1.1283791670955126,7501.0,191.0,45.00001609038752,0.0,0.0,0.0
238,175,2.985410660720923,8915.0,194.0,0.0,8.0,0.0,5.0
239,2125,10.403141895720198,991.8470588235294,199.88235294117646,-25.821406021776276,19.056076200830443,8.19395134967723,60.077164466275356
240,75,1.9544100476116797,8862.0,193.0,0.0,3.265986323710904,0.0,1.0
241,125,2.5231325220201604,8865.4,192.8,-18.43495541459913,3.098386676965933,1.7888543819998317,5.207106781186548
242,50,1.5957691216057308,10356.0,192.5,0.0,2.0,0.0,0.0
243,25,1.1283791670955126,980.0,194.0,45.00001609038752,0.0,0.0,0.0
244,275,3.742410318509555,1017.0909090909091,195.1818181818182,-56.981264861740314,5.685865648049052,2.506491986875206,7.035533905932738
245,25,1.1283791670955126,1026.0,194.0,45.00001609038752,0.0,0.0,0.0
246,325,4.068428945128219,8865.615384615385,196.07692307692307,-72.7457645174352,6.967368680090813,3.9313831758923747,12.621320343559644
247,100,2.256758334191025,8798.0,196.5,0.0,4.47213595499958,0.0,2.0
248,400,4.51351666838205,1012.5625,199.0,14.975934253097938,8.246968194297176,2.8151404231850985,13.035533905932738
249,25,1.1283791670955126,4351.0,196.0,45.00001609038752,0.0,0.0,0.0
250,50,1.5957691216057308,999.5,197.0,90.00003218077504,2.0,0.0,0.0
251,50,1.5957691216057308,7240.0,197.5,0.0,2.0,0.0,0.0
252,25,1.1283791670955126,7822.0,197.0,45.00001609038752,0.0,0.0,0.0
253,750,6.180387232371033,10360.066666666668,204.4,36.450678946155236,12.875751055268083,4.272070963633268,23.899494936611664
254,975,7.046725639945928,1001.8717948717949,201.87179487179486,-89.0318198477999,14.357888687353258,4.539505916604322,32.14213562373095
255,25,1.1283791670955126,7241.0,199.0,45.00001609038752,0.0,0.0,0.0
256,175,2.985410660720923,7821.714285714285,200.14285714285714,30.472708846406285,3.5820700954176696,2.4713456540351717,6.207106781186548
257,200,3.1915382432114616,8799.375,202.125,11.309936518046797,7.745966692414834,1.224744871391589,6.0
258,50,1.5957691216057308,4352.0,200.5,0.0,2.0,0.0,0.0
259,50,1.5957691216057308,7831.0,200.5,0.0,2.0,0.0,0.0
260,275,3.742410318509555,8913.545454545454,203.1818181818182,-7.413242635886815,7.049811475828222,1.7868184403435534,10.207106781186548
261,50,1.5957691216057308,7491.0,201.5,0.0,2.0,0.0,0.0
262,25,1.1283791670955126,7830.0,202.0,45.00001609038752,0.0,0.0,0.0
263,25,1.1283791670955126,1012.0,203.0,45.00001609038752,0.0,0.0,0.0
264,125,2.5231325220201604,4263.0,205.0,0.0,5.656854249492381,0.0,3.0
265,50,1.5957691216057308,7831.5,203.0,90.00003218077504,2.0,0.0,0.0
266,50,1.5957691216057308,10365.0,203.5,0.0,2.0,0.0,0.0
267,25,1.1283791670955126,1011.0,204.0,45.00001609038752,0.0,0.0,0.0
268,75,1.9544100476116797,977.3333333333334,205.66666666666666,-45.00001609038752,2.3094010767585034,1.3333333333333333,3.414213562373095
269,25,1.1283791670955126,984.0,205.0,45.00001609038752,0.0,0.0,0.0
270,25,1.1283791670955126,7832.0,205.0,45.00001609038752,0.0,0.0,0.0
271,50,1.5957691216057308,981.0,206.5,0.0,2.0,0.0,0.0
272,25,1.1283791670955126,7243.0,206.0,45.00001609038752,0.0,0.0,0.0
273,225,3.385137501286538,8802.222222222223,208.77777777777777,20.6794147652644,7.986138083617683,1.4821967316677644,8.207106781186548
274,25,1.1283791670955126,7492.0,207.0,45.00001609038752,0.0,0.0,0.0
275,86150,66.23883657762545,4412.101857225769,242.95937318630297,-66.87147485110596,95.05766485481442,50.06923824740295,275.8294731452727
276,350,4.222008245644752,7819.928571428572,210.28571428571428,43.40354412839659,7.187723417435663,3.477317085809595,11.621320343559642
277,50,1.5957691216057308,8912.0,208.5,0.0,2.0,0.0,0.0
278,100,2.256758334191025,976.5,210.0,31.71748575249332,3.23606797749979,1.2360679774997898,4.414213562373095
279,250,3.5682482323055424,980.4,211.5,0.0,6.0,1.959591794226542,10.414213562373096
280,25,1.1283791670955126,982.0,209.0,45.00001609038752,0.0,0.0,0.0
281,25,1.1283791670955126,4353.0,209.0,45.00001609038752,0.0,0.0,0.0
282,350,4.222008245644752,4263.857142857143,214.35714285714286,4.804870780575397,9.17727732589098,2.445743755249182,13.207106781186548
283,25,1.1283791670955126,4303.0,211.0,45.00001609038752,0.0,0.0,0.0
284,100,2.256758334191025,7816.5,211.5,45.00001609038752,2.0,2.0,4.0
285,225,3.385137501286538,10374.333333333334,212.11111111111111,-69.69937759948874,3.885753375057407,2.7954428906961324,8.242640687119284
286,500,5.046265044040321,983.75,215.9,-19.585160035924645,7.55326559228387,4.217603453671362,18.31370849898476
287,25,1.1283791670955126,4302.0,212.0,45.00001609038752,0.0,0.0,0.0
288,25,1.1283791670955126,4307.0,212.0,45.00001609038752,0.0,0.0,0.0
289,9448800,693.7026974228544,11429.140724218949,786.932898886631,14.314858166831261,990.9708457352981,533.4029547975853,3458.9974003446687
290,25,1.1283791670955126,4301.0,213.0,45.00001609038752,0.0,0.0,0.0
291,25,1.1283791670955126,4308.0,213.0,45.00001609038752,0.0,0.0,0.0
292,50,1.5957691216057308,8804.0,213.5,0.0,2.0,0.0,0.0
293,450,4.787307364817192,8908.0,217.5,-35.70851296644696,12.893940540963145,1.7548876486659597,18.414213562373096
294,500,5.046265044040321,4303.9,216.35,-35.21000365743055,6.146863140228281,4.110483370031185,14.48528137423857
295,25,1.1283791670955126,7830.0,214.0,45.00001609038752,0.0,0.0,0.0
296,25,1.1283791670955126,987.0,215.0,45.00001609038752,0.0,0.0,0.0
297,50,1.5957691216057308,8805.0,215.5,0.0,2.0,0.0,0.0
298,75,1.9544100476116797,1611.6666666666667,216.33333333333334,-45.00001609038752,2.3094010767585034,1.3333333333333333,3.414213562373095
299,50,1.5957691216057308,980.0,217.5,0.0,2.0,0.0,0.0
300,50,1.5957691216057308,7494.0,217.5,0.0,2.0,0.0,0.0
301,25,1.1283791670955126,8806.0,217.0,45.00001609038752,0.0,0.0,0.0
302,50,1.5957691216057308,4353.0,218.5,0.0,2.0,0.0,0.0
303,50,1.5957691216057308,8807.0,218.5,0.0,2.0,0.0,0.0
304,175,2.985410660720923,983.5714285714286,221.71428571428572,-8.34962510252249,4.155374705678736,1.9054711331003737,7.207106781186548
305,8530825,659.1444072193997,3492.6346338132594,617.954377214396,3.128573391364461,807.3149667188047,547.3149169821903,2511.991124221509
306,50,1.5957691216057308,6449.5,220.0,90.00003218077504,2.0,0.0,0.0
307,375,4.370193722368317,6456.933333333333,221.26666666666668,77.73857499265439,11.31323199672045,2.898601887029632,14.207106781186548
308,6525,18.229523339239496,8862.827586206897,238.11877394636016,88.05738776969137,109.18702398471373,25.570691605651252,197.36143571373725
309,75,1.9544100476116797,980.0,222.0,0.0,3.265986323710904,0.0,1.0
310,25,1.1283791670955126,3571.0,221.0,45.00001609038752,0.0,0.0,0.0
311,25,1.1283791670955126,6448.0,221.0,45.00001609038752,0.0,0.0,0.0
312,3515250,423.119619475641,11690.818633098641,481.84351041888914,38.0986748217648,545.989205717865,337.7600298697381,2116.732285612213
313,50,1.5957691216057308,6445.5,222.0,90.00003218077504,2.0,0.0,0.0
314,75,1.9544100476116797,6464.0,222.0,90.00003218077504,3.265986323710904,0.0,1.0
315,2568700,361.6943692434933,6438.04157745163,364.31797212597814,-88.61817206344918,492.7832698071303,276.4895445957946,1437.4600282048218
316,8975,21.37973331358283,3574.958217270195,245.72980501392757,6.267135698909872,42.46270402572191,16.440359572908037,151.26093065034894
317,3325,13.013103375051497,4277.097744360903,243.78947368421052,35.420875412137825,45.56920238952281,6.3624308082025784,87.97665940288701
318,25,1.1283791670955126,6443.0,223.0,45.00001609038752,0.0,0.0,0.0
319,50,1.5957691216057308,6466.5,223.0,90.00003218077504,2.0,0.0,0.0
320,75,1.9544100476116797,7495.0,224.0,0.0,3.265986323710904,0.0,1.0
321,50,1.5957691216057308,8904.0,223.5,0.0,2.0,0.0,0.0
322,25,1.1283791670955126,981.0,224.0,45.00001609038752,0.0,0.0,0.0
323,25,1.1283791670955126,3567.0,224.0,45.00001609038752,0.0,0.0,0.0
324,25,1.1283791670955126,6442.0,224.0,45.00001609038752,0.0,0.0,0.0
325,25,1.1283791670955126,6468.0,224.0,45.00001609038752,0.0,0.0,0.0
326,25,1.1283791670955126,1612.0,225.0,45.00001609038752,0.0,0.0,0.0
327,25,1.1283791670955126,3568.0,225.0,45.00001609038752,0.0,0.0,0.0
328,25,1.1283791670955126,6469.0,225.0,45.00001609038752,0.0,0.0,0.0
329,200,3.1915382432114616,3565.125,228.0,-29.650149326419953,5.552553065882964,1.7085533209571493,8.414213562373096
330,25,1.1283791670955126,3570.0,226.0,45.00001609038752,0.0,0.0,0.0
331,50,1.5957691216057308,4352.0,226.5,0.0,2.0,0.0,0.0
332,25,1.1283791670955126,6470.0,226.0,45.00001609038752,0.0,0.0,0.0
333,250,3.5682482323055424,4350.2,230.7,-10.377039369855812,7.276136159439078,2.0439771498975077,9.414213562373096
334,25,1.1283791670955126,6440.0,228.0,45.00001609038752,0.0,0.0,0.0
335,200,3.1915382432114616,6458.125,229.25,35.3549895320785,4.507893913753563,2.104493398028036,8.242640687119284
336,592225,173.6714472077413,9947.559415762591,328.6844949132509,-22.337548497748184,229.84768522430343,138.4095746338433,680.7665940288701
337,25,1.1283791670955126,7496.0,229.0,45.00001609038752,0.0,0.0,0.0
338,50,1.5957691216057308,3567.0,230.5,0.0,2.0,0.0,0.0
339,1300,8.136857890256438,3560.5576923076924,242.73076923076923,-3.4943823565271757,20.553453422289238,5.659933070153326,38.72792206135786
340,25,1.1283791670955126,3566.0,232.0,45.00001609038752,0.0,0.0,0.0
341,50,1.5957691216057308,6457.0,232.5,0.0,2.0,0.0,0.0
342,200,3.1915382432114616,3582.625,236.25,11.525654579396118,6.366269644280173,1.4901714050124566,7.207106781186548
343,25,1.1283791670955126,6455.0,234.0,45.00001609038752,0.0,0.0,0.0
344,200,3.1915382432114616,3552.5,237.5,-13.282530337894192,6.155367074350507,1.4530850560107218,6.0
345,200,3.1915382432114616,4348.125,237.0,-29.650149326419953,5.552553065882964,1.7085533209571493,8.414213562373096
346,25,1.1283791670955126,6456.0,235.0,45.00001609038752,0.0,0.0,0.0
347,152400,88.10033067307722,10075.39189632546,286.31873359580055,-51.59579100409043,122.03780389110781,64.49272100514663,331.4629867976521
348,75,1.9544100476116797,7498.0,238.0,0.0,3.265986323710904,0.0,1.0
349,26775,36.92749046999213,8859.034547152194,258.3473389355742,-69.78482103837997,74.90723657550213,30.78357958488699,207.75840533340724
350,75,1.9544100476116797,10142.333333333334,239.33333333333334,45.00001609038752,2.3094010767585034,1.3333333333333333,3.414213562373095
351,25,1.1283791670955126,4346.0,240.0,45.00001609038752,0.0,0.0,0.0
352,25,1.1283791670955126,6470.0,240.0,45.00001609038752,0.0,0.0,0.0
353,25,1.1283791670955126,3551.0,241.0,45.00001609038752,0.0,0.0,0.0
354,50,1.5957691216057308,3564.0,241.5,0.0,2.0,0.0,0.0
355,50,1.5957691216057308,3583.0,241.5,0.0,2.0,0.0,0.0
356,25,1.1283791670955126,6443.0,241.0,45.00001609038752,0.0,0.0,0.0
357,50,1.5957691216057308,10144.5,241.0,90.00003218077504,2.0,0.0,0.0
358,25,1.1283791670955126,6444.0,242.0,45.00001609038752,0.0,0.0,0.0
359,25,1.1283791670955126,6469.0,242.0,45.00001609038752,0.0,0.0,0.0
360,25,1.1283791670955126,3549.0,243.0,45.00001609038752,0.0,0.0,0.0
361,50,1.5957691216057308,4345.0,243.5,0.0,2.0,0.0,0.0
362,100,2.256758334191025,6325.25,244.25,18.43495541459913,3.4641016151377544,1.4142135623730951,3.2071067811865475
363,150,2.763953195770684,6448.166666666667,243.33333333333334,75.34502340521284,5.545131758410893,1.3022896092295921,5.207106781186548
364,25,1.1283791670955126,6468.0,243.0,45.00001609038752,0.0,0.0,0.0
365,75,1.9544100476116797,7499.0,244.0,0.0,3.265986323710904,0.0,1.0
366,25,1.1283791670955126,3548.0,244.0,45.00001609038752,0.0,0.0,0.0
367,175,2.985410660720923,3581.5714285714284,245.71428571428572,-8.34962510252249,4.155374705678736,1.9054711331003737,7.207106781186548
368,500,5.046265044040321,6455.7,245.6,89.17903826839441,12.401201814619057,2.9343131313970265,18.65685424949238
369,50,1.5957691216057308,6466.5,244.0,90.00003218077504,2.0,0.0,0.0
370,1125,7.569397566060481,4339.333333333333,252.15555555555557,-41.10745723188741,17.11547318995692,3.8652404397016897,25.763455967290597
371,25,1.1283791670955126,6464.0,245.0,45.00001609038752,0.0,0.0,0.0
372,825,6.4820448144285745,3550.818181818182,252.3939393939394,-41.08972636621108,16.44125148087224,3.210868390589684,27.899494936611664
373,50,1.5957691216057308,3584.0,248.5,0.0,2.0,0.0,0.0
374,25,1.1283791670955126,3545.0,249.0,45.00001609038752,0.0,0.0,0.0
375,25,1.1283791670955126,3544.0,250.0,45.00001609038752,0.0,0.0,0.0
376,25,1.1283791670955126,3585.0,250.0,45.00001609038752,0.0,0.0,0.0
377,25,1.1283791670955126,7500.0,250.0,45.00001609038752,0.0,0.0,0.0
378,25,1.1283791670955126,10137.0,250.0,45.00001609038752,0.0,0.0,0.0
379,425,4.652426491681278,3559.470588235294,253.8235294117647,8.54154652783127,7.613225555731042,3.235407606702499,13.035533905932738
380,175,2.985410660720923,3587.0,253.0,28.154976304217158,5.896459480240757,1.3428306554839582,7.414213562373095
381,75,1.9544100476116797,3545.0,253.0,0.0,3.265986323710904,0.0,1.0
382,2675,11.67204486311899,4309.009345794392,259.4579439252336,76.59570691099543,48.52388502601414,5.54177735752285,82.35533905932738
383,48775,49.84064959225855,8882.008200922604,282.1506919528447,0.035209218694007546,58.80670671879137,43.462236944082456,171.6812408671319
384,50,1.5957691216057308,7501.0,253.5,0.0,2.0,0.0,0.0
385,300,3.9088200952233594,3564.5833333333335,257.0,0.0,7.118052168020874,1.9720265943665378,12.414213562373096
386,50,1.5957691216057308,7502.0,256.5,0.0,2.0,0.0,0.0
387,75,1.9544100476116797,10173.0,256.0,90.00003218077504,3.265986323710904,0.0,1.0
388,5850,17.26088217525478,3542.4700854700855,292.37179487179486,-13.621794504971415,80.88560942525649,13.869102208578635,155.0893577750951
389,100,2.256758334191025,3568.5,258.0,31.71748575249332,3.23606797749979,1.2360679774997898,4.414213562373095
390,25,1.1283791670955126,3557.0,258.0,45.00001609038752,0.0,0.0,0.0
391,25850,36.2840142384516,4311.822050290136,279.63249516441005,79.80711592122606,45.07717525547753,37.25321892098906,266.86500705120545
392,25,1.1283791670955126,7503.0,258.0,45.00001609038752,0.0,0.0,0.0
393,25,1.1283791670955126,3558.0,259.0,45.00001609038752,0.0,0.0,0.0
394,25,1.1283791670955126,3561.0,259.0,45.00001609038752,0.0,0.0,0.0
395,50,1.5957691216057308,3588.0,259.5,0.0,2.0,0.0,0.0
396,50,1.5957691216057308,4333.0,259.5,0.0,2.0,0.0,0.0
397,10636825,736.0224512996216,4301.443675626891,783.418665814282,-21.708231901949347,1083.0568526518705,632.5906207141926,6257.139715437148
398,50,1.5957691216057308,11620.5,259.0,90.00003218077504,2.0,0.0,0.0
399,25,1.1283791670955126,7504.0,260.0,45.00001609038752,0.0,0.0,0.0
400,25,1.1283791670955126,11618.0,260.0,45.00001609038752,0.0,0.0,0.0
401,25,1.1283791670955126,3567.0,261.0,45.00001609038752,0.0,0.0,0.0
402,100,2.256758334191025,4331.0,261.5,-58.28254642828171,3.23606797749979,1.2360679774997898,4.414213562373095
403,50,1.5957691216057308,7505.0,261.5,0.0,2.0,0.0,0.0
404,250,3.5682482323055424,11614.8,263.1,-34.55266543819857,7.493121750943777,2.3351930167618398,9.414213562373096
405,25,1.1283791670955126,3566.0,262.0,45.00001609038752,0.0,0.0,0.0
406,50,1.5957691216057308,3569.5,262.0,90.00003218077504,2.0,0.0,0.0
407,25,1.1283791670955126,3584.0,262.0,45.00001609038752,0.0,0.0,0.0
408,250,3.5682482323055424,3586.6,264.5,0.0,6.0,1.959591794226542,10.414213562373096
409,25,1.1283791670955126,3556.0,263.0,45.00001609038752,0.0,0.0,0.0
410,50,1.5957691216057308,3564.5,263.0,90.00003218077504,2.0,0.0,0.0
411,25,1.1283791670955126,3571.0,263.0,45.00001609038752,0.0,0.0,0.0
412,125,2.5231325220201604,3558.2,264.8,-45.00001609038752,4.0,1.3856406460551023,5.414213562373095
413,3500,13.351162356249091,3570.1214285714286,271.95714285714286,52.782833806859315,18.7503423594739,15.225521276370554,72.94112549695429
414,25,1.1283791670955126,7506.0,264.0,45.00001609038752,0.0,0.0,0.0
415,25,1.1283791670955126,11636.0,264.0,45.00001609038752,0.0,0.0,0.0
416,848175,207.83935631691574,7370.971350252012,376.07471925015477,-65.38110634527752,446.41186800498696,106.21142430777923,1039.7442994522837
417,25,1.1283791670955126,7507.0,265.0,45.00001609038752,0.0,0.0,0.0
418,25,1.1283791670955126,11637.0,265.0,45.00001609038752,0.0,0.0,0.0
419,25,1.1283791670955126,7508.0,266.0,45.00001609038752,0.0,0.0,0.0
420,400,4.51351666838205,3554.625,269.75,-11.770023843294418,6.336087647807929,3.5502103204311415,13.449747468305832
421,25,1.1283791670955126,3581.0,267.0,45.00001609038752,0.0,0.0,0.0
422,25,1.1283791670955126,7510.0,267.0,45.00001609038752,0.0,0.0,0.0
423,25,1.1283791670955126,7513.0,267.0,45.00001609038752,0.0,0.0,0.0
424,25,1.1283791670955126,3583.0,268.0,45.00001609038752,0.0,0.0,0.0
425,500,5.046265044040321,11626.35,272.4,18.55751022836083,10.594172345641384,2.37560777714827,16.82842712474619
426,75,1.9544100476116797,3584.6666666666665,269.6666666666667,45.00001609038752,2.3094010767585034,1.3333333333333333,3.414213562373095
427,200,3.1915382432114616,3587.375,271.25,-22.263253931171537,5.105913757626162,2.163248644905131,7.449747468305833
428,425,4.652426491681278,11614.70588235294,276.29411764705884,9.78328856920453,16.92146659648231,1.631106378051684,15.0
429,150,2.763953195770684,3582.3333333333335,272.5,0.0,3.8297084310253524,1.8856180831641272,6.414213562373095
430,50,1.5957691216057308,3594.0,273.5,0.0,2.0,0.0,0.0
431,25,1.1283791670955126,11642.0,273.0,45.00001609038752,0.0,0.0,0.0
432,50,1.5957691216057308,3555.0,274.5,0.0,2.0,0.0,0.0
433,425,4.652426491681278,3583.0,278.05882352941177,-19.01516402317239,10.478364358926793,2.4317119323896743,15.035533905932738
434,150,2.763953195770684,3565.1666666666665,276.5,-30.963767603603344,4.320493798938573,1.8856180831641272,6.621320343559642
435,25,1.1283791670955126,11643.0,275.0,45.00001609038752,0.0,0.0,0.0
436,550,5.292567428401227,3553.8636363636365,280.6363636363636,24.75153422195365,9.097541388210733,4.661610071465413,19.106601717798213
437,150,2.763953195770684,3560.5,278.0,0.0,3.265986323710904,2.0,6.0
438,25,1.1283791670955126,11644.0,277.0,45.00001609038752,0.0,0.0,0.0
439,25,1.1283791670955126,3579.0,278.0,45.00001609038752,0.0,0.0,0.0
440,25,1.1283791670955126,3542.0,280.0,45.00001609038752,0.0,0.0,0.0
441,50,1.5957691216057308,3558.0,280.5,0.0,2.0,0.0,0.0
442,25,1.1283791670955126,3541.0,281.0,45.00001609038752,0.0,0.0,0.0
443,25,1.1283791670955126,3562.0,281.0,45.00001609038752,0.0,0.0,0.0
444,1350,8.291859587312052,3573.759259259259,285.01851851851853,-60.261980641873556,13.393347130728836,5.746198859475948,30.384776310850235
445,225,3.385137501286538,3559.1111111111113,284.3333333333333,-20.300654581286288,3.885753375057407,2.7954428906961324,8.242640687119284
446,25,1.1283791670955126,3566.0,283.0,45.00001609038752,0.0,0.0,0.0
447,25,1.1283791670955126,3565.0,284.0,45.00001609038752,0.0,0.0,0.0
448,25,1.1283791670955126,3584.0,284.0,45.00001609038752,0.0,0.0,0.0
449,25,1.1283791670955126,3589.0,284.0,45.00001609038752,0.0,0.0,0.0
450,625,5.641895835477563,11620.16,291.96,24.312677511236785,21.254290541077946,1.6911338194964207,25.414213562373096
451,375,4.370193722368317,3551.133333333333,286.93333333333334,-27.6524331218987,6.709103402596779,3.0053911521977925,12.242640687119284
452,1250,7.978845608028654,3572.12,296.5,-43.28984377546589,29.476862331288476,3.858002994071747,42.10660171779821
453,25,1.1283791670955126,4314.0,285.0,45.00001609038752,0.0,0.0,0.0
454,3075,12.514330345744634,3560.7479674796746,291.8943089430894,71.08539624773915,16.71391539860886,11.738459848284277,51.80508652763321
455,25,1.1283791670955126,3588.0,286.0,45.00001609038752,0.0,0.0,0.0
456,25,1.1283791670955126,3587.0,288.0,45.00001609038752,0.0,0.0,0.0
457,150,2.763953195770684,3546.5,290.0,0.0,3.265986323710904,2.0,6.0
458,25,1.1283791670955126,3586.0,289.0,45.00001609038752,0.0,0.0,0.0
459,25,1.1283791670955126,11648.0,289.0,45.00001609038752,0.0,0.0,0.0
460,25,1.1283791670955126,3581.0,290.0,45.00001609038752,0.0,0.0,0.0
461,250,3.5682482323055424,3571.7,292.2,-71.77780478686824,4.541385054734407,2.774134420794161,8.207106781186548
462,25,1.1283791670955126,3585.0,291.0,45.00001609038752,0.0,0.0,0.0
463,1750,9.440697438826296,3542.5142857142855,299.6857142857143,-13.440310457252126,18.87273710292164,6.165026305381484,41.14213562373095
464,25,1.1283791670955126,3551.0,292.0,45.00001609038752,0.0,0.0,0.0
465,25,1.1283791670955126,3584.0,292.0,45.00001609038752,0.0,0.0,0.0
466,100,2.256758334191025,11649.0,293.5,0.0,4.47213595499958,0.0,2.0
467,25,1.1283791670955126,3583.0,293.0,45.00001609038752,0.0,0.0,0.0
468,525,5.170882945826411,4325.333333333333,296.04761904761904,-22.06636859394122,8.263620012974961,3.265031406609799,15.65685424949238
469,25,1.1283791670955126,3582.0,294.0,45.00001609038752,0.0,0.0,0.0
470,250,3.5682482323055424,3556.5,297.5,-7.018124243392092,6.040895836088439,1.8728527698485424,10.414213562373096
471,50,1.5957691216057308,3568.0,295.5,0.0,2.0,0.0,0.0
472,25,1.1283791670955126,3578.0,295.0,45.00001609038752,0.0,0.0,0.0
473,50,1.5957691216057308,3581.0,295.5,0.0,2.0,0.0,0.0
474,925,6.863662517577698,3549.945945945946,300.7567567567568,5.186363672159908,11.520980907781864,4.4482678176733685,25.071067811865476
475,12768650,806.4130483290219,7013.102884799881,894.5455373120886,6.393078626552218,1172.608556232125,682.4308603778314,4751.167060647618
476,25,1.1283791670955126,3577.0,297.0,45.00001609038752,0.0,0.0,0.0
477,25,1.1283791670955126,3580.0,297.0,45.00001609038752,0.0,0.0,0.0
478,48000,49.443097858968265,4334.548958333334,327.90833333333336,48.51389317974038,55.41482833403706,50.1367197993345,263.9655121145938
479,25,1.1283791670955126,11649.0,297.0,45.00001609038752,0.0,0.0,0.0
480,925,6.863662517577698,3573.7027027027025,302.1621621621622,-49.934584013385674,12.441535589297892,4.096178900946735,25.00609665440988
481,25,1.1283791670955126,3579.0,298.0,45.00001609038752,0.0,0.0,0.0
482,50,1.5957691216057308,11649.0,299.5,0.0,2.0,0.0,0.0
483,25,1.1283791670955126,1709.0,301.0,45.00001609038752,0.0,0.0,0.0
484,150,2.763953195770684,11626.0,302.5,39.69018655370586,4.8496611975202075,1.3468925727763872,6.414213562373095
485,25,1.1283791670955126,1612.0,302.0,45.00001609038752,0.0,0.0,0.0
486,25,1.1283791670955126,1708.0,302.0,45.00001609038752,0.0,0.0,0.0
487,814100,203.62164063467281,8484.175162756419,461.2649551652131,21.583015906937906,294.3723099073444,148.16430589907492,794.920922961421
488,250,3.5682482323055424,1711.2,305.9,7.078818855969686,7.73786128498348,2.2193473667620873,10.82842712474619
489,300,3.9088200952233594,3556.5,304.0833333333333,72.8151755930637,5.738866430431609,2.6371008669662306,11.242640687119284
490,25,1.1283791670955126,11648.0,304.0,45.00001609038752,0.0,0.0,0.0
491,100,2.256758334191025,11629.0,305.5,58.28254642828171,3.23606797749979,1.2360679774997898,4.414213562373095
492,50,1.5957691216057308,11647.0,305.5,0.0,2.0,0.0,0.0
493,100,2.256758334191025,3566.5,307.0,-31.71748575249332,3.23606797749979,1.2360679774997898,4.414213562373095
494,840625,206.91225118808177,323.95690706319704,430.6584981412639,3.357280547020126,260.98302507362104,166.90168322835495,732.7005768508881
495,225,3.385137501286538,3545.3333333333335,308.0,-63.93751468730511,6.586417573021536,1.6856232604040937,8.207106781186548
496,125,2.5231325220201604,3554.4,307.8,-18.43495541459913,3.098386676965933,1.7888543819998317,5.207106781186548
497,250,3.5682482323055424,3561.9,308.3,37.874997193835185,5.215361924162119,2.5298221281347035,9.035533905932738
498,25,1.1283791670955126,3571.0,307.0,45.00001609038752,0.0,0.0,0.0
499,25,1.1283791670955126,11632.0,307.0,45.00001609038752,0.0,0.0,0.0
500,325,4.068428945128219,11642.615384615385,308.84615384615387,-68.82782483112955,8.925942772214405,2.7254609414060185,13.414213562373096
501,25,1.1283791670955126,11637.0,308.0,45.00001609038752,0.0,0.0,0.0
502,25,1.1283791670955126,3570.0,309.0,45.00001609038752,0.0,0.0,0.0
503,350,4.222008245644752,1713.7857142857142,312.57142857142856,-1.5634299324953804,7.816733947971497,2.6879733999567113,13.621320343559644
504,25,1.1283791670955126,3547.0,310.0,45.00001609038752,0.0,0.0,0.0
505,25,1.1283791670955126,3542.0,311.0,45.00001609038752,0.0,0.0,0.0
506,25,1.1283791670955126,3546.0,311.0,45.00001609038752,0.0,0.0,0.0
507,25,1.1283791670955126,3541.0,312.0,45.00001609038752,0.0,0.0,0.0
508,575,5.4115163798060095,3552.391304347826,316.4782608695652,-12.983481049471967,12.501014395699496,2.4418895007171084,20.82842712474619
509,3675,13.680870333281758,3554.816326530612,323.68027210884355,-47.67458275509909,28.455949619194847,8.19170004023983,68.70458146424487
510,25,1.1283791670955126,3542.0,315.0,45.00001609038752,0.0,0.0,0.0
511,25,1.1283791670955126,3557.0,317.0,45.00001609038752,0.0,0.0,0.0
512,25,1.1283791670955126,3567.0,317.0,45.00001609038752,0.0,0.0,0.0
513,100,2.256758334191025,8810.75,318.0,0.0,2.8284271247461903,1.7320508075688772,4.621320343559642
514,25,1.1283791670955126,3566.0,318.0,45.00001609038752,0.0,0.0,0.0
515,25,1.1283791670955126,3565.0,319.0,45.00001609038752,0.0,0.0,0.0
516,50,1.5957691216057308,8892.0,320.5,0.0,2.0,0.0,0.0
517,100,2.256758334191025,6801.5,323.0,-31.71748575249332,3.23606797749979,1.2360679774997898,4.414213562373095
518,25,1.1283791670955126,6799.0,325.0,45.00001609038752,0.0,0.0,0.0
519,125,2.5231325220201604,6802.8,325.8,45.00001609038752,4.0,1.3856406460551023,5.414213562373095
520,25,1.1283791670955126,6806.0,326.0,45.00001609038752,0.0,0.0,0.0
521,250,3.5682482323055424,6804.8,328.5,-29.256275778885158,5.17543153804948,3.4314586395529805,7.82842712474619
522,25,1.1283791670955126,6802.0,329.0,45.00001609038752,0.0,0.0,0.0
523,875,6.6755811781245455,6808.5142857142855,332.8,-78.65431291449356,9.919387260631446,6.730924766356943,27.82842712474619
524,25,1.1283791670955126,6816.0,331.0,45.00001609038752,0.0,0.0,0.0
525,50,1.5957691216057308,6802.0,335.5,0.0,2.0,0.0,0.0
526,25,1.1283791670955126,6813.0,336.0,45.00001609038752,0.0,0.0,0.0
527,75,1.9544100476116797,6814.666666666667,336.6666666666667,45.00001609038752,2.3094010767585034,1.3333333333333333,3.414213562373095
528,150,2.763953195770684,6805.5,338.1666666666667,59.03626457717169,4.320493798938573,1.8856180831641272,6.621320343559642
529,275,3.742410318509555,6810.909090909091,338.27272727272725,-86.13911790018545,4.9665313247634675,2.9866944034580043,8.414213562373096
530,325,4.068428945128219,6807.7692307692305,341.7692307692308,78.04800601064332,8.021352938299207,2.7928316944560385,11.242640687119286
531,225,3.385137501286538,6814.0,342.22222222222223,-24.183238978771506,4.310955075242313,3.0116419652569713,8.414213562373096
532,25,1.1283791670955126,1617.0,342.0,45.00001609038752,0.0,0.0,0.0
533,9225675,685.4631787886078,9697.239589515131,890.4632316876543,-18.955234531241533,1137.3532034412901,459.7169965536147,4122.404471232105
534,25,1.1283791670955126,6803.0,343.0,45.00001609038752,0.0,0.0,0.0
535,100,2.256758334191025,6805.0,344.25,90.00003218077504,2.8284271247461903,1.7320508075688772,4.621320343559642
536,11036950,749.7381194327725,435.8505021767789,850.7712207629826,-10.854869976388514,1186.1308873099122,625.1648311193483,5811.244225113894
537,50,1.5957691216057308,6798.5,345.0,90.00003218077504,2.0,0.0,0.0
538,250,3.5682482323055424,6802.3,346.6,23.10944588067245,4.1784354993436414,3.4843473962601452,8.82842712474619
539,25,1.1283791670955126,6812.0,345.0,45.00001609038752,0.0,0.0,0.0
540,50,1.5957691216057308,6807.0,346.5,0.0,2.0,0.0,0.0
541,350,4.222008245644752,6816.5,347.0,74.90421530257497,6.560308204426551,2.5839198859909316,10.414213562373096
542,25,1.1283791670955126,1707.0,347.0,45.00001609038752,0.0,0.0,0.0
543,175,2.985410660720923,6804.857142857143,349.42857142857144,-67.50002413558127,4.142614739158735,2.646130841252422,6.207106781186548
544,25,1.1283791670955126,6813.0,348.0,45.00001609038752,0.0,0.0,0.0
545,400,4.51351666838205,539.5625,349.625,87.7438151551825,8.248095057347788,2.7670251037811324,14.242640687119284
546,25,1.1283791670955126,1711.0,349.0,45.00001609038752,0.0,0.0,0.0
547,500,5.046265044040321,6776.4,352.9,54.49359160484645,14.16207548732588,2.5130893122376965,19.82842712474619
548,100,2.256758334191025,6820.5,349.5,45.00001609038752,2.0,2.0,4.0
549,25,1.1283791670955126,6815.0,350.0,45.00001609038752,0.0,0.0,0.0
550,2091750,326.3923294257864,7401.537181785587,533.6267598900442,-59.12681121097185,471.7701019227684,248.4522820306145,1496.4671708797582
551,575,5.4115163798060095,6766.260869565217,352.60869565217394,86.19815462362818,13.012054239347272,4.295583771203004,20.242640687119287
552,50,1.5957691216057308,6798.5,351.0,90.00003218077504,2.0,0.0,0.0
553,25,1.1283791670955126,6801.0,351.0,45.00001609038752,0.0,0.0,0.0
554,50,1.5957691216057308,6817.5,351.0,90.00003218077504,2.0,0.0,0.0
555,50,1.5957691216057308,6757.5,353.0,90.00003218077504,2.0,0.0,0.0
556,100,2.256758334191025,6755.5,355.0,-31.71748575249332,3.23606797749979,1.2360679774997898,4.414213562373095
557,25,1.1283791670955126,6766.0,356.0,45.00001609038752,0.0,0.0,0.0
558,25,1.1283791670955126,6754.0,357.0,45.00001609038752,0.0,0.0,0.0
559,25,1.1283791670955126,6765.0,357.0,45.00001609038752,0.0,0.0,0.0
560,1125,7.569397566060481,6767.622222222222,362.26666666666665,-16.213195235182933,11.924838316109508,5.247147045995649,27.556349186104047
561,75,1.9544100476116797,6782.0,359.0,0.0,3.265986323710904,0.0,1.0
562,125,2.5231325220201604,6782.6,363.2,-18.43495541459913,3.098386676965933,1.7888543819998317,5.207106781186548
563,18250,30.487126261041215,9997.910958904109,378.1397260273973,-60.14540480840422,43.10366708178713,25.07941632064134,127.29646455628165
564,25,1.1283791670955126,6752.0,365.0,45.00001609038752,0.0,0.0,0.0
565,25,1.1283791670955126,6771.0,365.0,45.00001609038752,0.0,0.0,0.0
566,1550,8.884866446580956,6773.645161290323,372.43548387096774,-85.25681832331867,22.03280825267226,8.596135753176148,48.59188309203678
567,25,1.1283791670955126,6770.0,369.0,45.00001609038752,0.0,0.0,0.0
568,25,1.1283791670955126,6754.0,371.0,45.00001609038752,0.0,0.0,0.0
569,25,1.1283791670955126,6756.0,371.0,45.00001609038752,0.0,0.0,0.0
570,25,1.1283791670955126,6753.0,372.0,45.00001609038752,0.0,0.0,0.0
571,25,1.1283791670955126,6758.0,373.0,45.00001609038752,0.0,0.0,0.0
572,50,1.5957691216057308,6759.5,374.0,90.00003218077504,2.0,0.0,0.0
573,25,1.1283791670955126,6762.0,374.0,45.00001609038752,0.0,0.0,0.0
574,25,1.1283791670955126,246.0,381.0,45.00001609038752,0.0,0.0,0.0
575,465425,153.96071123612845,7164.37014556588,507.7730031691465,13.261388699347183,273.41627474948194,88.41388879017806,675.6467529817257
576,464550,153.81591991815668,4948.514691637068,499.9609837477128,22.290828779471614,240.10754920438694,101.18495610164968,610.4406922210657
577,50,1.5957691216057308,9999.5,389.0,90.00003218077504,2.0,0.0,0.0
578,25,1.1283791670955126,10007.0,389.0,45.00001609038752,0.0,0.0,0.0
579,50,1.5957691216057308,10017.5,389.0,90.00003218077504,2.0,0.0,0.0
580,75,1.9544100476116797,9997.0,390.0,90.00003218077504,3.265986323710904,0.0,1.0
581,25,1.1283791670955126,10009.0,390.0,45.00001609038752,0.0,0.0,0.0
582,25,1.1283791670955126,10016.0,390.0,45.00001609038752,0.0,0.0,0.0
583,25,1.1283791670955126,10019.0,390.0,45.00001609038752,0.0,0.0,0.0
584,50,1.5957691216057308,9994.5,391.0,90.00003218077504,2.0,0.0,0.0
585,25,1.1283791670955126,10020.0,391.0,45.00001609038752,0.0,0.0,0.0
586,25,1.1283791670955126,9993.0,392.0,45.00001609038752,0.0,0.0,0.0
587,25,1.1283791670955126,10021.0,392.0,45.00001609038752,0.0,0.0,0.0
588,75,1.9544100476116797,9991.0,393.0,90.00003218077504,3.265986323710904,0.0,1.0
589,50,1.5957691216057308,10022.5,393.0,90.00003218077504,2.0,0.0,0.0
590,25,1.1283791670955126,1387.0,394.0,45.00001609038752,0.0,0.0,0.0
591,25,1.1283791670955126,9989.0,394.0,45.00001609038752,0.0,0.0,0.0
592,50,1.5957691216057308,10024.5,394.0,90.00003218077504,2.0,0.0,0.0
593,25,1.1283791670955126,9987.0,395.0,45.00001609038752,0.0,0.0,0.0
594,25,1.1283791670955126,10026.0,395.0,45.00001609038752,0.0,0.0,0.0
595,25,1.1283791670955126,9986.0,396.0,45.00001609038752,0.0,0.0,0.0
596,25,1.1283791670955126,10027.0,396.0,45.00001609038752,0.0,0.0,0.0
597,25,1.1283791670955126,1932.0,397.0,45.00001609038752,0.0,0.0,0.0
598,25,1.1283791670955126,10028.0,397.0,45.00001609038752,0.0,0.0,0.0
599,25,1.1283791670955126,10029.0,398.0,45.00001609038752,0.0,0.0,0.0
600,25,1.1283791670955126,10030.0,399.0,45.00001609038752,0.0,0.0,0.0
601,6825,18.643883600599406,1921.3699633699634,416.0732600732601,-66.56657993206781,39.86499299543493,25.159001550292267,157.7462120245875
602,225,3.385137501286538,9983.111111111111,402.0,-24.183238978771513,4.952443034793325,2.34478130006868,9.242640687119284
603,25,1.1283791670955126,9981.0,401.0,45.00001609038752,0.0,0.0,0.0
604,25,1.1283791670955126,10031.0,401.0,45.00001609038752,0.0,0.0,0.0
605,2100,10.341765891652821,1953.3690476190477,413.4047619047619,11.017572808669506,19.495325390163227,6.361223762001395,43.17766952966369
606,25,1.1283791670955126,9980.0,402.0,45.00001609038752,0.0,0.0,0.0
607,100,2.256758334191025,10032.5,403.0,31.71748575249332,3.23606797749979,1.2360679774997898,4.414213562373095
608,25,1.1283791670955126,1958.0,406.0,45.00001609038752,0.0,0.0,0.0
609,25,1.1283791670955126,10034.0,406.0,45.00001609038752,0.0,0.0,0.0
610,25,1.1283791670955126,1959.0,407.0,45.00001609038752,0.0,0.0,0.0
611,25,1.1283791670955126,1957.0,408.0,45.00001609038752,0.0,0.0,0.0
612,50,1.5957691216057308,10035.0,408.5,0.0,2.0,0.0,0.0
613,4160150,460.29848976636833,840.909528502578,768.8133961515811,-2.9181882469086835,722.8428823791265,300.5585047132832,1821.7686860699232
614,275,3.742410318509555,9976.272727272728,412.54545454545456,-6.280495899044518,10.20286617364416,1.3968208974551055,10.207106781186548
615,200,3.1915382432114616,1961.375,413.375,8.677015420719343,5.321869122843981,1.7826129808008924,7.0
616,25,1.1283791670955126,10036.0,411.0,45.00001609038752,0.0,0.0,0.0
617,50,1.5957691216057308,10037.0,414.5,0.0,2.0,0.0,0.0
618,25,1.1283791670955126,1921.0,415.0,45.00001609038752,0.0,0.0,0.0
619,25,1.1283791670955126,1922.0,416.0,45.00001609038752,0.0,0.0,0.0
620,50,1.5957691216057308,9973.0,418.5,0.0,2.0,0.0,0.0
621,50,1.5957691216057308,10038.0,418.5,0.0,2.0,0.0,0.0
622,25,1.1283791670955126,1921.0,423.0,45.00001609038752,0.0,0.0,0.0
623,250,3.5682482323055424,1924.8,425.0,90.00003218077504,3.919183588453085,3.0983866769659336,8.82842712474619
624,775,6.282549314314218,1946.5806451612902,427.48387096774195,-83.71463776327485,11.166981897140976,5.9970399576603475,28.106601717798213
625,25,1.1283791670955126,1957.0,424.0,45.00001609038752,0.0,0.0,0.0
626,100,2.256758334191025,9975.5,426.0,31.71748575249332,3.23606797749979,1.2360679774997898,4.414213562373095
627,175,2.985410660720923,10039.0,428.0,0.0,8.0,0.0,5.0
628,50,1.5957691216057308,1955.0,426.5,0.0,2.0,0.0,0.0
629,25,1.1283791670955126,243.0,427.0,45.00001609038752,0.0,0.0,0.0
630,500,5.046265044040321,1955.5,431.0,-23.166118210305623,6.615551757835203,4.4084549378896405,18.485281374238568
631,25,1.1283791670955126,1918.0,429.0,45.00001609038752,0.0,0.0,0.0
632,75,1.9544100476116797,1925.0,429.0,90.00003218077504,3.265986323710904,0.0,1.0
633,250,3.5682482323055424,1926.7,430.6,-80.42297628663071,8.1138003407229,2.3165154933401473,9.207106781186548
634,50,1.5957691216057308,1939.5,429.0,90.00003218077504,2.0,0.0,0.0
635,13375,26.099485750361293,9987.198130841121,463.8728971962617,30.80947814242425,50.83101811851809,25.612378237571008,222.10155108391487
636,25,1.1283791670955126,1921.0,430.0,45.00001609038752,0.0,0.0,0.0
637,25,1.1283791670955126,1937.0,430.0,45.00001609038752,0.0,0.0,0.0
638,25,1.1283791670955126,1942.0,430.0,45.00001609038752,0.0,0.0,0.0
639,25,1.1283791670955126,1938.0,431.0,45.00001609038752,0.0,0.0,0.0
640,75,1.9544100476116797,1940.6666666666667,431.6666666666667,45.00001609038752,2.3094010767585034,1.3333333333333333,3.414213562373095
641,250,3.5682482323055424,1945.9,432.4,53.67703151110686,6.2668633939802625,2.099148208486047,9.207106781186548
642,25,1.1283791670955126,242.0,433.0,45.00001609038752,0.0,0.0,0.0
643,25,1.1283791670955126,1949.0,435.0,45.00001609038752,0.0,0.0,0.0
644,50,1.5957691216057308,1951.0,435.5,0.0,2.0,0.0,0.0
645,25,1.1283791670955126,1953.0,437.0,45.00001609038752,0.0,0.0,0.0
646,75,1.9544100476116797,10038.0,438.0,0.0,3.265986323710904,0.0,1.0
647,50,1.5957691216057308,9979.0,438.5,0.0,2.0,0.0,0.0
648,150,2.763953195770684,1404.5,441.0,0.0,3.265986323710904,2.0,6.0
649,25,1.1283791670955126,9980.0,440.0,45.00001609038752,0.0,0.0,0.0
650,200,3.1915382432114616,10036.5,443.5,-13.282530337894192,6.155367074350507,1.4530850560107218,6.0
651,25,1.1283791670955126,1403.0,444.0,45.00001609038752,0.0,0.0,0.0
652,100,2.256758334191025,1404.5,446.0,31.71748575249332,3.23606797749979,1.2360679774997898,4.414213562373095
653,25,1.1283791670955126,9972.0,445.0,45.00001609038752,0.0,0.0,0.0
654,75,1.9544100476116797,9982.666666666666,445.3333333333333,-45.00001609038752,2.3094010767585034,1.3333333333333333,3.414213562373095
655,25,1.1283791670955126,1963.0,446.0,45.00001609038752,0.0,0.0,0.0
656,125,2.5231325220201604,1961.4,447.8,-18.43495541459913,3.098386676965933,1.7888543819998317,5.207106781186548
657,25,1.1283791670955126,9984.0,447.0,45.00001609038752,0.0,0.0,0.0
658,50,1.5957691216057308,10035.0,447.5,0.0,2.0,0.0,0.0
659,50,1.5957691216057308,241.0,448.5,0.0,2.0,0.0,0.0
660,950,6.955796338302048,10029.026315789473,459.7894736842105,-31.404163575954605,25.56540566147186,3.839588954130615,35.65685424949238
661,25,1.1283791670955126,9986.0,450.0,45.00001609038752,0.0,0.0,0.0
662,50,1.5957691216057308,6245.5,451.0,90.00003218077504,2.0,0.0,0.0
663,50,1.5957691216057308,6252.5,451.0,90.00003218077504,2.0,0.0,0.0
664,25,1.1283791670955126,9987.0,451.0,45.00001609038752,0.0,0.0,0.0
665,25,1.1283791670955126,6243.0,452.0,45.00001609038752,0.0,0.0,0.0
666,50,1.5957691216057308,6254.5,452.0,90.00003218077504,2.0,0.0,0.0
667,25,1.1283791670955126,6261.0,452.0,45.00001609038752,0.0,0.0,0.0
668,25,1.1283791670955126,9988.0,452.0,45.00001609038752,0.0,0.0,0.0
669,25,1.1283791670955126,6241.0,453.0,45.00001609038752,0.0,0.0,0.0
670,25,1.1283791670955126,6263.0,453.0,45.00001609038752,0.0,0.0,0.0
671,225,3.385137501286538,9991.333333333334,454.6666666666667,52.97271689160005,7.3708398168954075,1.599877896140251,8.207106781186548
672,25,1.1283791670955126,6240.0,454.0,45.00001609038752,0.0,0.0,0.0
673,25,1.1283791670955126,6265.0,454.0,45.00001609038752,0.0,0.0,0.0
674,225,3.385137501286538,9976.111111111111,455.55555555555554,4.731162795706487,4.270624324698295,2.9369993885187364,7.82842712474619
675,4573325,482.6153019093339,6320.555585924902,705.3916187893929,-18.75027986970879,522.7036951690512,459.7220625230355,1929.710857587404
676,25,1.1283791670955126,6239.0,455.0,45.00001609038752,0.0,0.0,0.0
677,25,1.1283791670955126,6266.0,455.0,45.00001609038752,0.0,0.0,0.0
678,325,4.068428945128219,9997.384615384615,456.46153846153845,-55.900724731264845,5.437699925655398,3.192919217267286,12.242640687119286
679,25,1.1283791670955126,6238.0,456.0,45.00001609038752,0.0,0.0,0.0
680,25,1.1283791670955126,6237.0,457.0,45.00001609038752,0.0,0.0,0.0
681,25,1.1283791670955126,9982.0,457.0,45.00001609038752,0.0,0.0,0.0
682,25,1.1283791670955126,10021.0,457.0,45.00001609038752,0.0,0.0,0.0
683,25,1.1283791670955126,6236.0,458.0,45.00001609038752,0.0,0.0,0.0
684,25,1.1283791670955126,10000.0,458.0,45.00001609038752,0.0,0.0,0.0
685,25,1.1283791670955126,6269.0,459.0,45.00001609038752,0.0,0.0,0.0
686,225,3.385137501286538,9980.888888888889,461.1111111111111,18.937498596917592,4.981090504906256,2.6064680419175823,8.242640687119286
687,25,1.1283791670955126,10003.0,462.0,45.00001609038752,0.0,0.0,0.0
688,25,1.1283791670955126,10004.0,463.0,45.00001609038752,0.0,0.0,0.0
689,25,1.1283791670955126,10005.0,464.0,45.00001609038752,0.0,0.0,0.0
690,25,1.1283791670955126,9981.0,465.0,45.00001609038752,0.0,0.0,0.0
691,25,1.1283791670955126,10006.0,465.0,45.00001609038752,0.0,0.0,0.0
692,25,1.1283791670955126,10007.0,466.0,45.00001609038752,0.0,0.0,0.0
693,7034625,598.5570225929221,4898.23610711303,879.7675035982728,18.961382627528813,770.1314272940186,477.31017802682857,2617.964825031566
694,50,1.5957691216057308,10010.5,468.0,90.00003218077504,2.0,0.0,0.0
695,50,1.5957691216057308,6271.0,469.5,0.0,2.0,0.0,0.0
696,25,1.1283791670955126,10009.0,469.0,45.00001609038752,0.0,0.0,0.0
697,25,1.1283791670955126,10018.0,469.0,45.00001609038752,0.0,0.0,0.0
698,25,1.1283791670955126,10014.0,470.0,45.00001609038752,0.0,0.0,0.0
699,25,1.1283791670955126,6270.0,471.0,45.00001609038752,0.0,0.0,0.0
700,150,2.763953195770684,10016.333333333334,471.6666666666667,-45.00001609038752,3.6514837167011076,2.10818510677892,5.414213562373095
701,25,1.1283791670955126,6239.0,472.0,45.00001609038752,0.0,0.0,0.0
702,25,1.1283791670955126,6269.0,472.0,45.00001609038752,0.0,0.0,0.0
703,25,1.1283791670955126,6059.0,473.0,45.00001609038752,0.0,0.0,0.0
704,25,1.1283791670955126,6240.0,474.0,45.00001609038752,0.0,0.0,0.0
705,25,1.1283791670955126,6268.0,474.0,45.00001609038752,0.0,0.0,0.0
706,25,1.1283791670955126,6241.0,475.0,45.00001609038752,0.0,0.0,0.0
707,450,4.787307364817192,6261.833333333333,477.5,-69.1717128054806,13.680787789638604,1.9867452191930355,17.207106781186546
708,25,1.1283791670955126,6243.0,476.0,45.00001609038752,0.0,0.0,0.0
709,50,1.5957691216057308,6245.5,477.0,90.00003218077504,2.0,0.0,0.0
710,150,2.763953195770684,6250.5,478.0,90.00003218077504,6.831300510639732,0.0,4.0
711,5062350,507.7631026094768,8337.189896984602,760.6205319663793,24.233506240424852,610.255041112637,432.12208754195524,2412.116015902537
712,87950,66.9272494457848,7809.095224559409,527.0258669698693,-8.339772873374686,84.4022969598915,56.21269254245459,307.80003589374985
713,25,1.1283791670955126,7818.0,483.0,45.00001609038752,0.0,0.0,0.0
714,25,1.1283791670955126,9909.0,483.0,45.00001609038752,0.0,0.0,0.0
715,100,2.256758334191025,9911.75,485.25,-18.43495541459913,3.4641016151377544,1.4142135623730951,3.2071067811865475
716,253300,113.58020543764071,9345.715752072641,531.5395775759969,88.38365835636826,130.6442957553939,101.13055785524985,413.06096654409873
717,125,2.5231325220201604,9908.2,485.2,-79.09932353989771,4.743365517193277,1.34925296749785,4.207106781186548
718,75,1.9544100476116797,9915.666666666666,485.3333333333333,-45.00001609038752,2.3094010767585034,1.3333333333333333,3.414213562373095
719,750,6.180387232371033,9914.433333333332,491.3,41.19376302118978,14.074620751263781,4.146557559830062,26.27817459305202
720,25,1.1283791670955126,9922.0,488.0,45.00001609038752,0.0,0.0,0.0
721,50,1.5957691216057308,9908.5,489.0,90.00003218077504,2.0,0.0,0.0
722,75,1.9544100476116797,7815.666666666667,490.6666666666667,45.00001609038752,2.3094010767585034,1.3333333333333333,3.414213562373095
723,50,1.5957691216057308,9909.5,491.0,90.00003218077504,2.0,0.0,0.0
724,225,3.385137501286538,9911.111111111111,494.1111111111111,11.9812487713528,4.0171906061502325,2.8906758369544234,8.414213562373096
725,25,1.1283791670955126,9915.0,496.0,45.00001609038752,0.0,0.0,0.0
726,275,3.742410318509555,6087.727272727273,498.27272727272725,80.00847534720363,4.899296620841422,2.9199003820073255,10.242640687119284
727,100,2.256758334191025,9912.5,497.5,45.00001609038752,2.0,2.0,4.0
728,25,1.1283791670955126,6092.0,498.0,45.00001609038752,0.0,0.0,0.0
729,75,1.9544100476116797,6095.666666666667,498.3333333333333,-45.00001609038752,2.3094010767585034,1.3333333333333333,3.414213562373095
730,25,1.1283791670955126,7816.0,498.0,45.00001609038752,0.0,0.0,0.0
731,50,1.5957691216057308,6083.5,499.0,90.00003218077504,2.0,0.0,0.0
732,25,1.1283791670955126,6093.0,499.0,45.00001609038752,0.0,0.0,0.0
733,50,1.5957691216057308,6528.5,499.0,90.00003218077504,2.0,0.0,0.0
734,75,1.9544100476116797,6532.0,499.0,90.00003218077504,3.265986323710904,0.0,1.0
735,25,1.1283791670955126,7815.0,499.0,45.00001609038752,0.0,0.0,0.0
736,25,1.1283791670955126,6094.0,500.0,45.00001609038752,0.0,0.0,0.0
737,25,1.1283791670955126,6099.0,500.0,45.00001609038752,0.0,0.0,0.0
738,25,1.1283791670955126,6525.0,500.0,45.00001609038752,0.0,0.0,0.0
739,25,1.1283791670955126,6534.0,500.0,45.00001609038752,0.0,0.0,0.0
740,25,1.1283791670955126,9911.0,500.0,45.00001609038752,0.0,0.0,0.0
741,50,1.5957691216057308,6078.5,501.0,90.00003218077504,2.0,0.0,0.0
742,25,1.1283791670955126,6095.0,501.0,45.00001609038752,0.0,0.0,0.0
743,125,2.5231325220201604,6522.4,501.4,-69.00641842630537,4.34169545110285,1.2765894445250698,4.207106781186548
744,50,1.5957691216057308,6535.5,501.0,90.00003218077504,2.0,0.0,0.0
745,25,1.1283791670955126,6098.0,502.0,45.00001609038752,0.0,0.0,0.0
746,150,2.763953195770684,6100.5,503.0,-75.12758621445207,3.9210761914129773,2.1506188646839077,6.82842712474619
747,25,1.1283791670955126,6520.0,503.0,45.00001609038752,0.0,0.0,0.0
748,25,1.1283791670955126,6074.0,504.0,45.00001609038752,0.0,0.0,0.0
749,25,1.1283791670955126,6103.0,504.0,45.00001609038752,0.0,0.0,0.0
750,25,1.1283791670955126,6519.0,504.0,45.00001609038752,0.0,0.0,0.0
751,50,1.5957691216057308,10596.0,505.5,0.0,2.0,0.0,0.0
752,25,1.1283791670955126,6072.0,506.0,45.00001609038752,0.0,0.0,0.0
753,25,1.1283791670955126,6071.0,507.0,45.00001609038752,0.0,0.0,0.0
754,150,2.763953195770684,6534.5,511.0,0.0,3.265986323710904,2.0,6.0
755,25,1.1283791670955126,6068.0,511.0,45.00001609038752,0.0,0.0,0.0
756,125,2.5231325220201604,6066.2,512.4,71.5650767661759,3.098386676965933,1.7888543819998317,5.207106781186548
757,25,1.1283791670955126,6063.0,515.0,45.00001609038752,0.0,0.0,0.0
758,25,1.1283791670955126,6516.0,515.0,45.00001609038752,0.0,0.0,0.0
759,25,1.1283791670955126,6552.0,516.0,45.00001609038752,0.0,0.0,0.0
760,175,2.985410660720923,7939.571428571428,516.8571428571429,79.09932353989771,3.648665604076859,2.505808461219716,7.242640687119286
761,25,1.1283791670955126,6062.0,517.0,45.00001609038752,0.0,0.0,0.0
762,25,1.1283791670955126,6061.0,518.0,45.00001609038752,0.0,0.0,0.0
763,50,1.5957691216057308,6060.0,519.5,0.0,2.0,0.0,0.0
764,25,1.1283791670955126,6112.0,519.0,45.00001609038752,0.0,0.0,0.0
765,25,1.1283791670955126,6519.0,519.0,45.00001609038752,0.0,0.0,0.0
766,25,1.1283791670955126,6550.0,519.0,45.00001609038752,0.0,0.0,0.0
767,250,3.5682482323055424,4078.5,522.0,0.0,5.656854249492381,2.0,10.0
768,25,1.1283791670955126,6113.0,520.0,45.00001609038752,0.0,0.0,0.0
769,25,1.1283791670955126,6520.0,520.0,45.00001609038752,0.0,0.0,0.0
770,25,1.1283791670955126,6549.0,520.0,45.00001609038752,0.0,0.0,0.0
771,575,5.4115163798060095,7933.521739130435,524.2608695652174,-18.826028731461218,9.32684676735209,4.010914372587852,18.65685424949238
772,25,1.1283791670955126,6059.0,521.0,45.00001609038752,0.0,0.0,0.0
773,25,1.1283791670955126,6521.0,521.0,45.00001609038752,0.0,0.0,0.0
774,25,1.1283791670955126,6548.0,521.0,45.00001609038752,0.0,0.0,0.0
775,50,1.5957691216057308,7931.5,521.0,90.00003218077504,2.0,0.0,0.0
776,25,1.1283791670955126,6058.0,522.0,45.00001609038752,0.0,0.0,0.0
777,125,2.5231325220201604,6114.8,523.2,-45.00001609038752,4.0,1.3856406460551023,5.414213562373095
778,25,1.1283791670955126,6547.0,522.0,45.00001609038752,0.0,0.0,0.0
779,50,1.5957691216057308,6545.5,523.0,90.00003218077504,2.0,0.0,0.0
780,75,1.9544100476116797,7938.666666666667,523.3333333333334,-45.00001609038752,2.3094010767585034,1.3333333333333333,3.414213562373095
781,25,1.1283791670955126,6534.0,524.0,45.00001609038752,0.0,0.0,0.0
782,25,1.1283791670955126,6544.0,524.0,45.00001609038752,0.0,0.0,0.0
783,25,1.1283791670955126,6056.0,525.0,45.00001609038752,0.0,0.0,0.0
784,50,1.5957691216057308,6540.5,525.0,90.00003218077504,2.0,0.0,0.0
785,300,3.9088200952233594,7937.75,527.4166666666666,13.436964960490409,6.573673544001367,2.518406578067186,11.207106781186548
786,25,1.1283791670955126,6055.0,527.0,45.00001609038752,0.0,0.0,0.0
787,375,4.370193722368317,7926.733333333334,528.4,58.05697707423259,6.483848235326408,3.119070526638267,12.863961030678928
788,50,1.5957691216057308,6054.0,528.5,0.0,2.0,0.0,0.0
789,25,1.1283791670955126,4077.0,529.0,45.00001609038752,0.0,0.0,0.0
790,25,1.1283791670955126,6053.0,530.0,45.00001609038752,0.0,0.0,0.0
791,50,1.5957691216057308,7935.5,530.0,90.00003218077504,2.0,0.0,0.0
792,125,2.5231325220201604,6051.6,532.6,-20.993613754469656,4.34169545110285,1.27658944452507,4.207106781186548
793,25,1.1283791670955126,7925.0,531.0,45.00001609038752,0.0,0.0,0.0
794,25,1.1283791670955126,9415.0,533.0,45.00001609038752,0.0,0.0,0.0
795,25,1.1283791670955126,9425.0,533.0,45.00001609038752,0.0,0.0,0.0
796,75,1.9544100476116797,6050.0,536.0,0.0,3.265986323710904,0.0,1.0
797,775,6.282549314314218,6080.419354838709,541.3870967741935,-15.012946970709494,12.575553800168095,3.407631180324147,23.071067811865476
798,895550,213.56494789993747,8629.49444475462,675.2961029534923,10.963510982115743,288.3884253860829,161.5078115387075,825.239682094289
799,175,2.985410660720923,9418.57142857143,537.7142857142857,-8.34962510252249,4.155374705678736,1.9054711331003737,7.207106781186548
800,2350,10.940041919714261,9433.617021276596,544.8829787234042,-9.89579236854228,22.99153216495313,13.547951360081765,62.00609665440987
801,50,1.5957691216057308,6049.0,538.5,0.0,2.0,0.0,0.0
802,9450100,693.7504168417273,7692.215331054698,886.2380609728998,-69.55460798105851,756.7714513403172,687.4571684587274,3514.2745289171935
803,75,1.9544100476116797,6048.0,541.0,0.0,3.265986323710904,0.0,1.0
804,75,1.9544100476116797,6047.0,544.0,0.0,3.265986323710904,0.0,1.0
805,75,1.9544100476116797,6046.0,548.0,0.0,3.265986323710904,0.0,1.0
806,25,1.1283791670955126,9415.0,549.0,45.00001609038752,0.0,0.0,0.0
807,25,1.1283791670955126,9416.0,550.0,45.00001609038752,0.0,0.0,0.0
808,75,1.9544100476116797,9419.0,551.0,90.00003218077504,3.265986323710904,0.0,1.0
809,650,5.753627391751592,6046.076923076923,562.9615384615385,8.627241781390733,23.998857132120865,1.7359251809073581,24.0
810,7024750,598.136756666177,1646.4479839140183,825.7946617317342,-88.87210925182828,712.7947475466094,527.7857723334296,3130.1586924834064
811,25,1.1283791670955126,6117.0,555.0,45.00001609038752,0.0,0.0,0.0
812,25,1.1283791670955126,6117.0,560.0,45.00001609038752,0.0,0.0,0.0
813,25,1.1283791670955126,6116.0,561.0,45.00001609038752,0.0,0.0,0.0
814,25,1.1283791670955126,6115.0,562.0,45.00001609038752,0.0,0.0,0.0
815,50,1.5957691216057308,6114.0,563.5,0.0,2.0,0.0,0.0
816,47500,49.18490759365935,6097.723684210527,602.0257894736842,-45.412995477848455,79.62322002000509,36.83335239432202,230.03048327204937
817,25,1.1283791670955126,6113.0,565.0,45.00001609038752,0.0,0.0,0.0
818,102850,72.37477106727495,5034.396694214876,621.7583859990277,8.395620673647722,104.16877097654319,51.425376645692616,303.8711037056153
819,25,1.1283791670955126,6112.0,567.0,45.00001609038752,0.0,0.0,0.0
820,25,1.1283791670955126,6111.0,569.0,45.00001609038752,0.0,0.0,0.0
821,1675,9.23618154310838,6099.850746268657,582.5223880597015,-48.18478639032365,34.30993274392085,3.903868348961015,44.38477631085024
822,25,1.1283791670955126,9376.0,570.0,45.00001609038752,0.0,0.0,0.0
823,50,1.5957691216057308,7591.5,573.0,90.00003218077504,2.0,0.0,0.0
824,25,1.1283791670955126,7597.0,573.0,45.00001609038752,0.0,0.0,0.0
825,25,1.1283791670955126,7601.0,573.0,45.00001609038752,0.0,0.0,0.0
826,50,1.5957691216057308,6049.0,574.5,0.0,2.0,0.0,0.0
827,25,1.1283791670955126,7589.0,574.0,45.00001609038752,0.0,0.0,0.0
828,25,1.1283791670955126,7599.0,574.0,45.00001609038752,0.0,0.0,0.0
829,25,1.1283791670955126,7587.0,575.0,45.00001609038752,0.0,0.0,0.0
830,25,1.1283791670955126,7585.0,576.0,45.00001609038752,0.0,0.0,0.0
831,50,1.5957691216057308,6050.0,577.5,0.0,2.0,0.0,0.0
832,25,1.1283791670955126,7607.0,577.0,45.00001609038752,0.0,0.0,0.0
833,100,2.256758334191025,9379.75,579.0,0.0,2.8284271247461903,1.7320508075688772,4.621320343559642
834,50,1.5957691216057308,6051.0,579.5,0.0,2.0,0.0,0.0
835,100,2.256758334191025,6052.5,582.0,31.71748575249332,3.23606797749979,1.2360679774997898,4.414213562373095
836,150,2.763953195770684,8535.5,581.0,90.00003218077504,6.831300510639732,0.0,4.0
837,25,1.1283791670955126,8531.0,582.0,45.00001609038752,0.0,0.0,0.0
838,25,1.1283791670955126,8540.0,582.0,45.00001609038752,0.0,0.0,0.0
839,25,1.1283791670955126,8529.0,583.0,45.00001609038752,0.0,0.0,0.0
840,25,1.1283791670955126,9372.0,583.0,45.00001609038752,0.0,0.0,0.0
841,800,6.383076486422923,1409.90625,587.0,-45.82407091868982,10.109236147403303,4.490291696096639,22.106601717798213
842,100,2.256758334191025,6054.5,585.0,31.71748575249332,3.23606797749979,1.2360679774997898,4.414213562373095
843,50,1.5957691216057308,8548.5,584.0,90.00003218077504,2.0,0.0,0.0
844,50,1.5957691216057308,9371.0,584.5,0.0,2.0,0.0,0.0
845,50,1.5957691216057308,8550.0,585.5,0.0,2.0,0.0,0.0
846,375,4.370193722368317,7598.4,587.9333333333333,-9.462325591412972,4.974602161647368,3.7712361663282534,11.65685424949238
847,25,1.1283791670955126,8527.0,586.0,45.00001609038752,0.0,0.0,0.0
848,25,1.1283791670955126,9370.0,586.0,45.00001609038752,0.0,0.0,0.0
849,25,1.1283791670955126,6056.0,587.0,45.00001609038752,0.0,0.0,0.0
850,250,3.5682482323055424,8551.9,590.0,23.047353536831338,7.494574520626023,1.694506640524969,8.0
851,25,1.1283791670955126,6057.0,588.0,45.00001609038752,0.0,0.0,0.0
852,175,2.985410660720923,9378.57142857143,589.7142857142857,-8.34962510252249,4.155374705678736,1.9054711331003737,7.207106781186548
853,25,1.1283791670955126,6058.0,589.0,45.00001609038752,0.0,0.0,0.0
854,50,1.5957691216057308,9369.0,589.5,0.0,2.0,0.0,0.0
855,200,3.1915382432114616,1413.0,591.5,-72.50401582554943,7.2396899955362315,1.8939083316075764,7.207106781186548
856,25,1.1283791670955126,6059.0,590.0,45.00001609038752,0.0,0.0,0.0
857,1050,7.312732791431452,9379.309523809523,594.8809523809524,-85.68200013546226,19.772229889901947,6.207848518670119,35.82842712474619
858,50,1.5957691216057308,6060.5,591.0,90.00003218077504,2.0,0.0,0.0
859,125,2.5231325220201604,7544.0,591.0,90.00003218077504,5.656854249492381,0.0,3.0
860,25,1.1283791670955126,7583.0,591.0,45.00001609038752,0.0,0.0,0.0
861,25,1.1283791670955126,6062.0,592.0,45.00001609038752,0.0,0.0,0.0
862,25,1.1283791670955126,7540.0,592.0,45.00001609038752,0.0,0.0,0.0
863,50,1.5957691216057308,7549.5,592.0,90.00003218077504,2.0,0.0,0.0
864,25,1.1283791670955126,7553.0,592.0,45.00001609038752,0.0,0.0,0.0
865,1000,7.136496464611085,1399.65,600.425,-29.34114603648554,21.57363850003872,3.0541974182503595,31.9350288425444
866,25,1.1283791670955126,1409.0,593.0,45.00001609038752,0.0,0.0,0.0
867,25,1.1283791670955126,6063.0,593.0,45.00001609038752,0.0,0.0,0.0
868,100,2.256758334191025,6083.5,593.0,90.00003218077504,4.47213595499958,0.0,2.0
869,25,1.1283791670955126,7538.0,593.0,45.00001609038752,0.0,0.0,0.0
870,25,1.1283791670955126,7556.0,593.0,45.00001609038752,0.0,0.0,0.0
871,275,3.742410318509555,9346.545454545454,594.7272727272727,-1.0704510659163573,6.171914422333442,3.1265381747923318,9.207106781186548
872,25,1.1283791670955126,9380.0,593.0,45.00001609038752,0.0,0.0,0.0
873,75,1.9544100476116797,1406.3333333333333,594.6666666666666,-45.00001609038752,2.3094010767585034,1.3333333333333333,3.414213562373095
874,25,1.1283791670955126,1408.0,594.0,45.00001609038752,0.0,0.0,0.0
875,25,1.1283791670955126,1417.0,594.0,45.00001609038752,0.0,0.0,0.0
876,550,5.292567428401227,1422.590909090909,595.9090909090909,-79.92901009196008,12.08964274087288,3.4289785315689105,18.242640687119284
877,25,1.1283791670955126,6064.0,594.0,45.00001609038752,0.0,0.0,0.0
878,25,1.1283791670955126,7557.0,594.0,45.00001609038752,0.0,0.0,0.0
879,25,1.1283791670955126,7584.0,594.0,45.00001609038752,0.0,0.0,0.0
880,150,2.763953195770684,8554.0,596.5,0.0,6.831300510639732,0.0,4.0
881,275,3.742410318509555,9332.545454545454,595.2727272727273,72.58778137630192,5.406498133144968,2.6459748477598315,9.414213562373096
882,25,1.1283791670955126,6065.0,595.0,45.00001609038752,0.0,0.0,0.0
883,25,1.1283791670955126,9353.0,595.0,45.00001609038752,0.0,0.0,0.0
884,25,1.1283791670955126,1428.0,596.0,45.00001609038752,0.0,0.0,0.0
885,25,1.1283791670955126,9354.0,596.0,45.00001609038752,0.0,0.0,0.0
886,450,4.787307364817192,1432.0,598.9444444444445,78.03189607585976,8.006650178320154,4.504288473266437,16.242640687119284
887,1225,7.898654169668588,9356.714285714286,601.2857142857143,-18.013693133600682,11.959314772362264,7.362016026298509,33.31370849898476
888,25,1.1283791670955126,1397.0,598.0,45.00001609038752,0.0,0.0,0.0
889,400,4.51351666838205,1413.875,601.25,-30.19778542463968,8.426384297087333,2.783172232866664,14.65685424949238
890,200,3.1915382432114616,7546.125,600.75,-35.3549895320785,4.507893913753563,2.104493398028036,8.242640687119284
891,58225,54.45525594181148,8054.26835551739,629.5161013310434,-49.46178999648356,71.79765291040849,43.716433640837664,208.1370849898476
892,25,1.1283791670955126,8503.0,599.0,45.00001609038752,0.0,0.0,0.0
893,25,1.1283791670955126,1419.0,600.0,45.00001609038752,0.0,0.0,0.0
894,25,1.1283791670955126,8504.0,600.0,45.00001609038752,0.0,0.0,0.0
895,100,2.256758334191025,1421.0,601.5,58.28254642828171,3.23606797749979,1.2360679774997898,4.414213562373095
896,725,6.076507779746499,8502.310344827587,605.551724137931,-4.8630848449301105,11.950959664151101,3.523963753710073,23.071067811865476
897,50,1.5957691216057308,8507.5,601.0,90.00003218077504,2.0,0.0,0.0
898,4900,15.797308339337176,1428.2244897959183,623.9489795918367,-40.897691702163904,35.559679287956115,15.886331063013277,112.01219330881975
899,1075,7.399277020331919,7516.116279069767,609.0930232558139,-53.83472222850506,16.941107531217792,7.287606295881665,35.72792206135786
900,2075,10.280023453913834,1417.5903614457832,610.3253012048193,-9.038562049020223,18.176324834483268,7.220442359930792,44.17766952966369
901,25,1.1283791670955126,1423.0,603.0,45.00001609038752,0.0,0.0,0.0
902,75,1.9544100476116797,8493.333333333334,603.6666666666666,-45.00001609038752,2.3094010767585034,1.3333333333333333,3.414213562373095
903,25,1.1283791670955126,8553.0,603.0,45.00001609038752,0.0,0.0,0.0
904,25,1.1283791670955126,1424.0,604.0,45.00001609038752,0.0,0.0,0.0
905,100,2.256758334191025,7498.25,604.25,71.5650767661759,3.4641016151377544,1.4142135623730951,3.2071067811865475
906,25,1.1283791670955126,8497.0,604.0,45.00001609038752,0.0,0.0,0.0
907,125,2.5231325220201604,7494.8,605.8,45.00001609038752,4.0,1.3856406460551023,5.414213562373095
908,25,1.1283791670955126,7522.0,605.0,45.00001609038752,0.0,0.0,0.0
909,50,1.5957691216057308,8552.0,605.5,0.0,2.0,0.0,0.0
910,75,1.9544100476116797,7506.0,606.0,90.00003218077504,3.265986323710904,0.0,1.0
911,25,1.1283791670955126,7523.0,606.0,45.00001609038752,0.0,0.0,0.0
912,25,1.1283791670955126,8499.0,606.0,45.00001609038752,0.0,0.0,0.0
913,275,3.742410318509555,8508.818181818182,607.2727272727273,-87.25386892028209,5.067998206819149,3.4451579330913646,10.449747468305834
914,25,1.1283791670955126,9363.0,606.0,45.00001609038752,0.0,0.0,0.0
915,225,3.385137501286538,7501.666666666667,608.8888888888889,-18.43495541459913,4.988876515698589,2.2662308949301266,8.242640687119286
916,25,1.1283791670955126,7508.0,607.0,45.00001609038752,0.0,0.0,0.0
917,125,2.5231325220201604,7524.6,608.0,0.0,3.5777087639996634,1.9595917942265426,5.414213562373095
918,25,1.1283791670955126,7558.0,607.0,45.00001609038752,0.0,0.0,0.0
919,50,1.5957691216057308,8498.0,607.5,0.0,2.0,0.0,0.0
920,25,1.1283791670955126,8551.0,607.0,45.00001609038752,0.0,0.0,0.0
921,25,1.1283791670955126,9353.0,607.0,45.00001609038752,0.0,0.0,0.0
922,50,1.5957691216057308,9362.0,607.5,0.0,2.0,0.0,0.0
923,100,2.256758334191025,7403.5,608.0,90.00003218077504,4.47213595499958,0.0,2.0
924,50,1.5957691216057308,7493.0,608.5,0.0,2.0,0.0,0.0
925,25,1.1283791670955126,7509.0,608.0,45.00001609038752,0.0,0.0,0.0
926,25,1.1283791670955126,7557.0,608.0,45.00001609038752,0.0,0.0,0.0
927,25,1.1283791670955126,8504.0,608.0,45.00001609038752,0.0,0.0,0.0
928,25,1.1283791670955126,8550.0,608.0,45.00001609038752,0.0,0.0,0.0
929,50,1.5957691216057308,9344.0,608.5,0.0,2.0,0.0,0.0
930,175,2.985410660720923,1424.4285714285713,610.5714285714286,-17.76884524948727,3.685706545597305,2.822514422975452,6.621320343559642
931,25,1.1283791670955126,7399.0,609.0,45.00001609038752,0.0,0.0,0.0
932,50,1.5957691216057308,7407.5,609.0,90.00003218077504,2.0,0.0,0.0
933,50,1.5957691216057308,7411.5,609.0,90.00003218077504,2.0,0.0,0.0
934,275,3.742410318509555,7446.636363636364,609.7272727272727,-78.37857663238421,7.011483081591051,2.064120296850025,11.207106781186548
935,25,1.1283791670955126,7556.0,609.0,45.00001609038752,0.0,0.0,0.0
936,25,1.1283791670955126,8496.0,609.0,45.00001609038752,0.0,0.0,0.0
937,150,2.763953195770684,8506.166666666666,610.0,36.86991082919827,3.8297084310253524,1.8856180831641272,6.207106781186548
938,25,1.1283791670955126,8549.0,609.0,45.00001609038752,0.0,0.0,0.0
939,575,5.4115163798060095,9358.130434782608,613.3478260869565,-28.082324284316464,11.594814846693907,2.956963562542834,21.48528137423857
940,25,1.1283791670955126,7397.0,610.0,45.00001609038752,0.0,0.0,0.0
941,25,1.1283791670955126,7414.0,610.0,45.00001609038752,0.0,0.0,0.0
942,25,1.1283791670955126,7461.0,610.0,45.00001609038752,0.0,0.0,0.0
943,25,1.1283791670955126,7467.0,610.0,45.00001609038752,0.0,0.0,0.0
944,50,1.5957691216057308,7526.5,610.0,90.00003218077504,2.0,0.0,0.0
945,25,1.1283791670955126,8499.0,610.0,45.00001609038752,0.0,0.0,0.0
946,50,1.5957691216057308,8510.0,610.5,0.0,2.0,0.0,0.0
947,25,1.1283791670955126,8516.0,610.0,45.00001609038752,0.0,0.0,0.0
948,50,1.5957691216057308,8547.5,610.0,90.00003218077504,2.0,0.0,0.0
949,25,1.1283791670955126,7457.0,611.0,45.00001609038752,0.0,0.0,0.0
950,50,1.5957691216057308,7493.0,611.5,0.0,2.0,0.0,0.0
951,25,1.1283791670955126,7504.0,611.0,45.00001609038752,0.0,0.0,0.0
952,25,1.1283791670955126,7542.0,611.0,45.00001609038752,0.0,0.0,0.0
953,25,1.1283791670955126,7554.0,611.0,45.00001609038752,0.0,0.0,0.0
954,25,1.1283791670955126,8545.0,611.0,45.00001609038752,0.0,0.0,0.0
955,550,5.292567428401227,1397.0,617.7727272727273,13.658355860798322,12.57783956992727,2.4621971007799415,18.621320343559642
956,75,1.9544100476116797,6127.0,613.0,0.0,3.265986323710904,0.0,1.0
957,25,1.1283791670955126,7469.0,612.0,45.00001609038752,0.0,0.0,0.0
958,1125,7.569397566060481,7502.2444444444445,614.5555555555555,-88.12086363386118,16.07799395005463,4.31578634510267,31.899494936611664
959,25,1.1283791670955126,7544.0,612.0,45.00001609038752,0.0,0.0,0.0
960,25,1.1283791670955126,7546.0,612.0,45.00001609038752,0.0,0.0,0.0
961,50,1.5957691216057308,7550.5,612.0,90.00003218077504,2.0,0.0,0.0
962,25,1.1283791670955126,8489.0,612.0,45.00001609038752,0.0,0.0,0.0
963,50,1.5957691216057308,8500.5,612.0,90.00003218077504,2.0,0.0,0.0
964,75,1.9544100476116797,8507.666666666666,612.6666666666666,45.00001609038752,2.3094010767585034,1.3333333333333333,3.414213562373095
965,100,2.256758334191025,8511.5,613.0,31.71748575249332,3.23606797749979,1.2360679774997898,4.414213562373095
966,475,4.918490759365935,8515.368421052632,615.3684210526316,-8.517298966810436,7.770705182527154,3.3259772016276683,15.65685424949238
967,25,1.1283791670955126,8539.0,612.0,45.00001609038752,0.0,0.0,0.0
968,25,1.1283791670955126,8542.0,612.0,45.00001609038752,0.0,0.0,0.0
969,175,2.985410660720923,1413.0,616.0,0.0,8.0,0.0,5.0
970,75,1.9544100476116797,7443.0,614.0,0.0,3.265986323710904,0.0,1.0
971,25,1.1283791670955126,8486.0,613.0,45.00001609038752,0.0,0.0,0.0
972,150,2.763953195770684,8488.166666666666,614.1666666666666,45.000016090387525,3.1269438398822857,2.309401076758503,6.242640687119286
973,50,1.5957691216057308,8502.5,613.0,90.00003218077504,2.0,0.0,0.0
974,50,1.5957691216057308,8540.5,613.0,90.00003218077504,2.0,0.0,0.0
975,350,4.222008245644752,9345.357142857143,616.1428571428571,33.18532300054973,6.68109189998872,2.9992772604628617,12.449747468305834
976,50,1.5957691216057308,1422.0,614.5,0.0,2.0,0.0,0.0
977,25,1.1283791670955126,8500.0,614.0,45.00001609038752,0.0,0.0,0.0
978,25,1.1283791670955126,8504.0,614.0,45.00001609038752,0.0,0.0,0.0
979,250,3.5682482323055424,6111.1,616.4,-40.163336644763135,4.752003835233194,2.8807046967589405,8.621320343559642
980,50,1.5957691216057308,6128.0,615.5,0.0,2.0,0.0,0.0
981,25,1.1283791670955126,7462.0,615.0,45.00001609038752,0.0,0.0,0.0
982,350,4.222008245644752,1420.9285714285713,619.7142857142857,-1.754743266318004,7.47540970730534,2.8059493489265677,11.414213562373096
983,25,1.1283791670955126,6116.0,616.0,45.00001609038752,0.0,0.0,0.0
984,375,4.370193722368317,8489.733333333334,619.5333333333333,9.217477707299567,7.789970575955917,3.5441222989882126,14.621320343559644
985,25,1.1283791670955126,8502.0,616.0,45.00001609038752,0.0,0.0,0.0
986,50,1.5957691216057308,6114.5,617.0,90.00003218077504,2.0,0.0,0.0
987,50,1.5957691216057308,7405.0,617.5,0.0,2.0,0.0,0.0
988,25,1.1283791670955126,7470.0,617.0,45.00001609038752,0.0,0.0,0.0
989,125,2.5231325220201604,8498.2,617.6,-71.5650767661759,3.098386676965933,1.7888543819998317,5.207106781186548
990,25,1.1283791670955126,8511.0,617.0,45.00001609038752,0.0,0.0,0.0
991,50,1.5957691216057308,8520.0,617.5,0.0,2.0,0.0,0.0
992,25,1.1283791670955126,6125.0,618.0,45.00001609038752,0.0,0.0,0.0
993,975,7.046725639945928,6125.128205128205,624.1025641025641,-42.00671364592242,13.335290955406126,5.601762720355374,24.485281374238568
994,50,1.5957691216057308,7394.0,618.5,0.0,2.0,0.0,0.0
995,50,1.5957691216057308,8486.5,618.0,90.00003218077504,2.0,0.0,0.0
996,25,1.1283791670955126,8501.0,618.0,45.00001609038752,0.0,0.0,0.0
997,25,1.1283791670955126,7444.0,619.0,45.00001609038752,0.0,0.0,0.0
998,25,1.1283791670955126,7450.0,619.0,45.00001609038752,0.0,0.0,0.0
999,25,1.1283791670955126,7453.0,619.0,45.00001609038752,0.0,0.0,0.0
1000,25,1.1283791670955126,7395.0,620.0,45.00001609038752,0.0,0.0,0.0
1001,25,1.1283791670955126,7454.0,620.0,45.00001609038752,0.0,0.0,0.0
1002,25,1.1283791670955126,8514.0,620.0,45.00001609038752,0.0,0.0,0.0
1003,25,1.1283791670955126,7396.0,621.0,45.00001609038752,0.0,0.0,0.0
1004,25,1.1283791670955126,7417.0,621.0,45.00001609038752,0.0,0.0,0.0
1005,215900,104.86036767212322,8080.8392774432605,698.6902501157944,-2.0776811046652637,141.9329468023031,82.0932086638589,399.60512242138304
1006,25,1.1283791670955126,8499.0,621.0,45.00001609038752,0.0,0.0,0.0
1007,100,2.256758334191025,8516.5,621.0,90.00003218077504,4.47213595499958,0.0,2.0
1008,25,1.1283791670955126,1414.0,622.0,45.00001609038752,0.0,0.0,0.0
1009,100,2.256758334191025,6109.0,623.5,0.0,4.47213595499958,0.0,2.0
1010,25,1.1283791670955126,7416.0,622.0,45.00001609038752,0.0,0.0,0.0
1011,25,1.1283791670955126,7415.0,623.0,45.00001609038752,0.0,0.0,0.0
1012,25,1.1283791670955126,1412.0,624.0,45.00001609038752,0.0,0.0,0.0
1013,25,1.1283791670955126,7414.0,624.0,45.00001609038752,0.0,0.0,0.0
1014,975,7.046725639945928,1405.3846153846155,629.2820512820513,59.111725752920805,15.9027803956506,4.184871207380122,28.556349186104043
1015,25,1.1283791670955126,7412.0,625.0,45.00001609038752,0.0,0.0,0.0
1016,125,2.5231325220201604,6112.2,626.8,-45.00001609038752,4.0,1.3856406460551023,5.414213562373095
1017,50,1.5957691216057308,6116.0,626.5,0.0,2.0,0.0,0.0
1018,50,1.5957691216057308,6118.5,627.0,90.00003218077504,2.0,0.0,0.0
1019,550,5.292567428401227,7636.909090909091,629.3181818181819,84.97613480896206,7.72894680092584,5.424058087986029,18.863961030678926
1020,25,1.1283791670955126,1412.0,628.0,45.00001609038752,0.0,0.0,0.0
1021,150,2.763953195770684,11624.666666666666,629.3333333333334,-45.00001609038752,3.6514837167011076,2.10818510677892,5.414213562373095
1022,50,1.5957691216057308,6114.0,629.5,0.0,2.0,0.0,0.0
1023,25,1.1283791670955126,7648.0,629.0,45.00001609038752,0.0,0.0,0.0
1024,25,1.1283791670955126,8515.0,629.0,45.00001609038752,0.0,0.0,0.0
1025,25,1.1283791670955126,7647.0,630.0,45.00001609038752,0.0,0.0,0.0
1026,25,1.1283791670955126,7650.0,630.0,45.00001609038752,0.0,0.0,0.0
1027,2132700,329.5717206956132,3845.0596309841985,811.3481385098701,-38.14561582506633,428.4557345014865,281.10920224225856,1960.9352083112938
1028,25,1.1283791670955126,11623.0,631.0,45.00001609038752,0.0,0.0,0.0
1029,25,1.1283791670955126,11627.0,631.0,45.00001609038752,0.0,0.0,0.0
1030,50,1.5957691216057308,7632.0,632.5,0.0,2.0,0.0,0.0
1031,25,1.1283791670955126,7651.0,632.0,45.00001609038752,0.0,0.0,0.0
1032,25,1.1283791670955126,11628.0,632.0,45.00001609038752,0.0,0.0,0.0
1033,25,1.1283791670955126,11629.0,633.0,45.00001609038752,0.0,0.0,0.0
1034,50,1.5957691216057308,5014.0,634.5,0.0,2.0,0.0,0.0
1035,25,1.1283791670955126,11622.0,634.0,45.00001609038752,0.0,0.0,0.0
1036,25,1.1283791670955126,7646.0,635.0,45.00001609038752,0.0,0.0,0.0
1037,25,1.1283791670955126,3992.0,636.0,45.00001609038752,0.0,0.0,0.0
1038,25,1.1283791670955126,10365.0,636.0,45.00001609038752,0.0,0.0,0.0
1039,50,1.5957691216057308,11631.0,636.5,0.0,2.0,0.0,0.0
1040,50,1.5957691216057308,10376.5,637.0,90.00003218077504,2.0,0.0,0.0
1041,25,1.1283791670955126,7650.0,638.0,45.00001609038752,0.0,0.0,0.0
1042,25,1.1283791670955126,8494.0,638.0,45.00001609038752,0.0,0.0,0.0
1043,25,1.1283791670955126,10362.0,638.0,45.00001609038752,0.0,0.0,0.0
1044,75,1.9544100476116797,10378.666666666666,638.3333333333334,-45.00001609038752,2.3094010767585034,1.3333333333333333,3.414213562373095
1045,25,1.1283791670955126,7633.0,639.0,45.00001609038752,0.0,0.0,0.0
1046,550,5.292567428401227,7646.727272727273,641.7727272727273,5.033232585378347,8.371381920905167,4.814162760174355,16.485281374238568
1047,1525,8.812923024107548,11628.655737704918,648.4262295081967,49.31388717690002,22.866313491889564,7.265515380240295,44.17766952966369
1048,150,2.763953195770684,7635.333333333333,641.1666666666666,60.76741768083746,5.00274675656753,1.443480516239888,6.414213562373095
1049,25,1.1283791670955126,10380.0,640.0,45.00001609038752,0.0,0.0,0.0
1050,675,5.863230142835039,11635.037037037036,643.8888888888889,36.98677774724852,9.879888987718942,3.5200194707664534,20.31370849898476
1051,25,1.1283791670955126,10381.0,641.0,45.00001609038752,0.0,0.0,0.0
1052,675,5.863230142835039,1401.037037037037,650.5555555555555,-5.927233491200238,17.211802338450717,2.13808759435674,26.414213562373092
1053,25,1.1283791670955126,7639.0,643.0,45.00001609038752,0.0,0.0,0.0
1054,25,1.1283791670955126,7641.0,643.0,45.00001609038752,0.0,0.0,0.0
1055,75,1.9544100476116797,4326.666666666667,644.3333333333334,-45.00001609038752,2.3094010767585034,1.3333333333333333,3.414213562373095
1056,25,1.1283791670955126,4315.0,645.0,45.00001609038752,0.0,0.0,0.0
1057,250,3.5682482323055424,4324.0,646.9,-48.138666457454796,5.135002869438147,3.2049564007739613,7.621320343559642
1058,50,1.5957691216057308,4329.5,645.0,90.00003218077504,2.0,0.0,0.0
1059,325,4.068428945128219,4332.692307692308,647.4615384615385,35.173100547609245,6.234295345806605,2.811190550369161,11.449747468305834
1060,125,2.5231325220201604,10371.4,645.8,-18.43495541459913,3.098386676965933,1.7888543819998317,5.207106781186548
1061,75,1.9544100476116797,11658.0,645.0,90.00003218077504,3.265986323710904,0.0,1.0
1062,150,2.763953195770684,4319.5,646.3333333333334,90.00003218077504,3.8297084310253524,1.8856180831641272,6.414213562373095
1063,25,1.1283791670955126,7659.0,647.0,45.00001609038752,0.0,0.0,0.0
1064,25,1.1283791670955126,11663.0,647.0,45.00001609038752,0.0,0.0,0.0
1065,50,1.5957691216057308,11640.5,648.0,90.00003218077504,2.0,0.0,0.0
1066,275,3.742410318509555,11665.636363636364,651.3636363636364,25.4949319291659,9.475721913664202,1.4068721534760542,10.207106781186548
1067,75,1.9544100476116797,4320.333333333333,649.6666666666666,-45.00001609038752,2.3094010767585034,1.3333333333333333,3.414213562373095
1068,25,1.1283791670955126,6107.0,649.0,45.00001609038752,0.0,0.0,0.0
1069,25,1.1283791670955126,11639.0,649.0,45.00001609038752,0.0,0.0,0.0
1070,25,1.1283791670955126,4324.0,650.0,45.00001609038752,0.0,0.0,0.0
1071,25,1.1283791670955126,6109.0,650.0,45.00001609038752,0.0,0.0,0.0
1072,25,1.1283791670955126,4323.0,651.0,45.00001609038752,0.0,0.0,0.0
1073,25,1.1283791670955126,6103.0,651.0,45.00001609038752,0.0,0.0,0.0
1074,50,1.5957691216057308,6116.5,651.0,90.00003218077504,2.0,0.0,0.0
1075,25,1.1283791670955126,6119.0,651.0,45.00001609038752,0.0,0.0,0.0
1076,350,4.222008245644752,4323.428571428572,653.6428571428571,-67.89867693017462,6.326843204374774,3.315337574142648,12.035533905932738
1077,25,1.1283791670955126,10363.0,652.0,45.00001609038752,0.0,0.0,0.0
1078,25,1.1283791670955126,6101.0,653.0,45.00001609038752,0.0,0.0,0.0
1079,25,1.1283791670955126,10364.0,653.0,45.00001609038752,0.0,0.0,0.0
1080,25,1.1283791670955126,10380.0,653.0,45.00001609038752,0.0,0.0,0.0
1081,25,1.1283791670955126,6100.0,654.0,45.00001609038752,0.0,0.0,0.0
1082,25,1.1283791670955126,7669.0,654.0,45.00001609038752,0.0,0.0,0.0
1083,100,2.256758334191025,7676.5,654.0,90.00003218077504,4.47213595499958,0.0,2.0
1084,25,1.1283791670955126,10379.0,654.0,45.00001609038752,0.0,0.0,0.0
1085,25,1.1283791670955126,6099.0,655.0,45.00001609038752,0.0,0.0,0.0
1086,25,1.1283791670955126,7673.0,655.0,45.00001609038752,0.0,0.0,0.0
1087,25,1.1283791670955126,7680.0,655.0,45.00001609038752,0.0,0.0,0.0
1088,25,1.1283791670955126,10367.0,655.0,45.00001609038752,0.0,0.0,0.0
1089,25,1.1283791670955126,7652.0,656.0,45.00001609038752,0.0,0.0,0.0
1090,25,1.1283791670955126,7681.0,656.0,45.00001609038752,0.0,0.0,0.0
1091,25,1.1283791670955126,10368.0,656.0,45.00001609038752,0.0,0.0,0.0
1092,25,1.1283791670955126,7653.0,657.0,45.00001609038752,0.0,0.0,0.0
1093,25,1.1283791670955126,10369.0,657.0,45.00001609038752,0.0,0.0,0.0
1094,50,1.5957691216057308,11633.0,657.5,0.0,2.0,0.0,0.0
1095,25,1.1283791670955126,6125.0,658.0,45.00001609038752,0.0,0.0,0.0
1096,25,1.1283791670955126,10370.0,658.0,45.00001609038752,0.0,0.0,0.0
1097,50,1.5957691216057308,11634.0,659.5,0.0,2.0,0.0,0.0
1098,50,1.5957691216057308,11667.0,659.5,0.0,2.0,0.0,0.0
1099,75,1.9544100476116797,1400.0,661.0,0.0,3.265986323710904,0.0,1.0
1100,25,1.1283791670955126,7675.0,660.0,45.00001609038752,0.0,0.0,0.0
1101,25,1.1283791670955126,11635.0,661.0,45.00001609038752,0.0,0.0,0.0
1102,125,2.5231325220201604,6126.0,664.0,0.0,5.656854249492381,0.0,3.0
1103,25,1.1283791670955126,11648.0,662.0,45.00001609038752,0.0,0.0,0.0
1104,25,1.1283791670955126,11652.0,662.0,45.00001609038752,0.0,0.0,0.0
1105,25,1.1283791670955126,7682.0,663.0,45.00001609038752,0.0,0.0,0.0
1106,25,1.1283791670955126,11636.0,663.0,45.00001609038752,0.0,0.0,0.0
1107,25,1.1283791670955126,11649.0,663.0,45.00001609038752,0.0,0.0,0.0
1108,50,1.5957691216057308,11666.0,663.5,0.0,2.0,0.0,0.0
1109,25,1.1283791670955126,11637.0,664.0,45.00001609038752,0.0,0.0,0.0
1110,25,1.1283791670955126,11638.0,665.0,45.00001609038752,0.0,0.0,0.0
1111,50,1.5957691216057308,11665.0,665.5,0.0,2.0,0.0,0.0
1112,50,1.5957691216057308,11639.5,666.0,90.00003218077504,2.0,0.0,0.0
1113,625,5.641895835477563,1402.44,669.28,10.329458725096737,5.944149713435209,5.6564197319742915,17.071067811865476
1114,75,1.9544100476116797,11642.0,667.0,90.00003218077504,3.265986323710904,0.0,1.0
1115,25,1.1283791670955126,11664.0,667.0,45.00001609038752,0.0,0.0,0.0
1116,75,1.9544100476116797,11645.0,668.0,90.00003218077504,3.265986323710904,0.0,1.0
1117,25,1.1283791670955126,11649.0,668.0,45.00001609038752,0.0,0.0,0.0
1118,25,1.1283791670955126,11663.0,668.0,45.00001609038752,0.0,0.0,0.0
1119,50,1.5957691216057308,11661.5,669.0,90.00003218077504,2.0,0.0,0.0
1120,25,1.1283791670955126,6125.0,670.0,45.00001609038752,0.0,0.0,0.0
1121,75,1.9544100476116797,8481.666666666666,670.6666666666666,45.00001609038752,2.3094010767585034,1.3333333333333333,3.414213562373095
1122,325,4.068428945128219,11656.076923076924,670.6923076923077,-76.04680581259285,8.139412884086774,2.1807968869487917,10.621320343559642
1123,25,1.1283791670955126,8484.0,671.0,45.00001609038752,0.0,0.0,0.0
1124,25,1.1283791670955126,6099.0,673.0,45.00001609038752,0.0,0.0,0.0
1125,25,1.1283791670955126,1403.0,674.0,45.00001609038752,0.0,0.0,0.0
1126,25,1.1283791670955126,6123.0,674.0,45.00001609038752,0.0,0.0,0.0
1127,247225,112.20991871437224,10354.24633431085,770.1515825664881,6.987272293229193,252.39219593182798,88.19949287725795,649.0620125646253
1128,25,1.1283791670955126,6122.0,675.0,45.00001609038752,0.0,0.0,0.0
1129,325,4.068428945128219,6788.615384615385,677.9230769230769,2.7263119687373862,6.928203230275509,2.48069469178417,12.242640687119284
1130,25,1.1283791670955126,6120.0,677.0,45.00001609038752,0.0,0.0,0.0
1131,25,1.1283791670955126,6105.0,678.0,45.00001609038752,0.0,0.0,0.0
1132,25,1.1283791670955126,6119.0,678.0,45.00001609038752,0.0,0.0,0.0
1133,50,1.5957691216057308,6791.0,678.5,0.0,2.0,0.0,0.0
1134,25,1.1283791670955126,11801.0,678.0,45.00001609038752,0.0,0.0,0.0
1135,50,1.5957691216057308,11806.5,678.0,90.00003218077504,2.0,0.0,0.0
1136,25,1.1283791670955126,11811.0,678.0,45.00001609038752,0.0,0.0,0.0
1137,25,1.1283791670955126,6117.0,679.0,45.00001609038752,0.0,0.0,0.0
1138,25,1.1283791670955126,11808.0,679.0,45.00001609038752,0.0,0.0,0.0
1139,25,1.1283791670955126,11810.0,679.0,45.00001609038752,0.0,0.0,0.0
1140,25,1.1283791670955126,11813.0,679.0,45.00001609038752,0.0,0.0,0.0
1141,25,1.1283791670955126,11815.0,680.0,45.00001609038752,0.0,0.0,0.0
1142,25,1.1283791670955126,6793.0,681.0,45.00001609038752,0.0,0.0,0.0
1143,25,1.1283791670955126,11816.0,681.0,45.00001609038752,0.0,0.0,0.0
1144,25,1.1283791670955126,6794.0,682.0,45.00001609038752,0.0,0.0,0.0
1145,75,1.9544100476116797,11817.333333333334,682.6666666666666,-45.00001609038752,2.3094010767585034,1.3333333333333333,3.414213562373095
1146,50,1.5957691216057308,6786.5,683.0,90.00003218077504,2.0,0.0,0.0
1147,25,1.1283791670955126,6795.0,683.0,45.00001609038752,0.0,0.0,0.0
1148,25,1.1283791670955126,6796.0,684.0,45.00001609038752,0.0,0.0,0.0
1149,50,1.5957691216057308,11819.0,684.5,0.0,2.0,0.0,0.0
1150,1625,9.09728368293446,6795.184615384615,691.4615384615385,7.540101153752008,13.428630423704092,10.817143022463043,41.34924240491749
1151,25,1.1283791670955126,6797.0,685.0,45.00001609038752,0.0,0.0,0.0
1152,50,1.5957691216057308,11820.0,686.5,0.0,2.0,0.0,0.0
1153,50,1.5957691216057308,11821.0,688.5,0.0,2.0,0.0,0.0
1154,725,6.076507779746499,10283.137931034482,694.7586206896551,-14.254645873461147,8.911039442713934,4.383927685094423,19.899494936611667
1155,25,1.1283791670955126,11822.0,691.0,45.00001609038752,0.0,0.0,0.0
1156,275,3.742410318509555,6817.454545454545,693.9090909090909,78.6159361079553,9.092035143287815,2.0195788189897117,11.414213562373096
1157,50,1.5957691216057308,11811.0,693.5,0.0,2.0,0.0,0.0
1158,25,1.1283791670955126,9600.0,694.0,45.00001609038752,0.0,0.0,0.0
1159,25,1.1283791670955126,11798.0,694.0,45.00001609038752,0.0,0.0,0.0
1160,50,1.5957691216057308,11823.0,694.5,0.0,2.0,0.0,0.0
1161,25,1.1283791670955126,9599.0,695.0,45.00001609038752,0.0,0.0,0.0
1162,25,1.1283791670955126,9604.0,695.0,45.00001609038752,0.0,0.0,0.0
1163,25,1.1283791670955126,6805.0,696.0,45.00001609038752,0.0,0.0,0.0
1164,75,1.9544100476116797,6822.666666666667,696.3333333333334,-45.00001609038752,2.3094010767585034,1.3333333333333333,3.414213562373095
1165,450,4.787307364817192,9591.777777777777,698.2777777777778,-54.08794565798332,14.8464285504712,4.082888566791892,17.207106781186546
1166,50,1.5957691216057308,6807.5,697.0,90.00003218077504,2.0,0.0,0.0
1167,25,1.1283791670955126,6812.0,697.0,45.00001609038752,0.0,0.0,0.0
1168,175,2.985410660720923,11824.0,700.0,0.0,8.0,0.0,5.0
1169,175,2.985410660720923,6810.142857142857,699.0,56.59931549470397,3.5509480472921324,2.7632708742748813,6.414213562373095
1170,25,1.1283791670955126,6824.0,698.0,45.00001609038752,0.0,0.0,0.0
1171,25,1.1283791670955126,6825.0,700.0,45.00001609038752,0.0,0.0,0.0
1172,150,2.763953195770684,9609.0,702.5,0.0,6.831300510639732,0.0,4.0
1173,25,1.1283791670955126,11800.0,700.0,45.00001609038752,0.0,0.0,0.0
1174,1325,8.214724333230155,10276.452830188678,706.5471698113207,-62.30710256794303,27.309990494777956,3.3728679677480478,41.31370849898476
1175,50,1.5957691216057308,6826.0,703.5,0.0,2.0,0.0,0.0
1176,100,2.256758334191025,10290.5,703.0,90.00003218077504,4.47213595499958,0.0,2.0
1177,100,2.256758334191025,9589.0,705.5,0.0,4.47213595499958,0.0,2.0
1178,50,1.5957691216057308,10287.5,704.0,90.00003218077504,2.0,0.0,0.0
1179,25,1.1283791670955126,10295.0,704.0,45.00001609038752,0.0,0.0,0.0
1180,25,1.1283791670955126,11802.0,704.0,45.00001609038752,0.0,0.0,0.0
1181,25,1.1283791670955126,10296.0,705.0,45.00001609038752,0.0,0.0,0.0
1182,200,3.1915382432114616,11823.625,706.25,-17.296150528236417,3.9722133299273006,2.6403638502198645,8.242640687119284
1183,200,3.1915382432114616,10307.125,706.375,78.69009566272824,7.745966692414834,1.224744871391589,6.0
1184,25,1.1283791670955126,11803.0,706.0,45.00001609038752,0.0,0.0,0.0
1185,75,1.9544100476116797,6795.0,708.0,0.0,3.265986323710904,0.0,1.0
1186,75,1.9544100476116797,6826.0,708.0,0.0,3.265986323710904,0.0,1.0
1187,50,1.5957691216057308,9609.0,707.5,0.0,2.0,0.0,0.0
1188,225,3.385137501286538,11818.222222222223,708.1111111111111,-65.3006706716738,5.722062231348572,1.898336859706381,9.207106781186548
1189,5217625,515.4914734347719,9075.601849500492,995.536934908124,41.64894226019389,639.2526950971187,471.8690764288092,2336.8084040579624
1190,150,2.763953195770684,10313.0,708.5,72.39122940040403,5.404236119112784,1.208676398190789,4.0
1191,23150,34.3368580162012,5032.829373650108,732.1825053995681,-18.627813966748523,39.49383434073659,32.333017939135544,122.81118318204308
1192,25,1.1283791670955126,9590.0,709.0,45.00001609038752,0.0,0.0,0.0
1193,25,1.1283791670955126,9608.0,709.0,45.00001609038752,0.0,0.0,0.0
1194,25,1.1283791670955126,11805.0,709.0,45.00001609038752,0.0,0.0,0.0
1195,75,1.9544100476116797,11821.666666666666,709.6666666666666,45.00001609038752,2.3094010767585034,1.3333333333333333,3.414213562373095
1196,50,1.5957691216057308,6796.0,710.5,0.0,2.0,0.0,0.0
1197,25,1.1283791670955126,9591.0,710.0,45.00001609038752,0.0,0.0,0.0
1198,25,1.1283791670955126,9607.0,710.0,45.00001609038752,0.0,0.0,0.0
1199,400,4.51351666838205,10320.1875,713.3125,52.0130063015765,13.134755444609828,1.8311743254787225,15.207106781186548
1200,25,1.1283791670955126,11807.0,710.0,45.00001609038752,0.0,0.0,0.0
1201,50,1.5957691216057308,6825.0,711.5,0.0,2.0,0.0,0.0
1202,50,1.5957691216057308,9592.5,711.0,90.00003218077504,2.0,0.0,0.0
1203,100,2.256758334191025,9605.0,711.5,-58.28254642828171,3.23606797749979,1.2360679774997898,4.414213562373095
1204,25,1.1283791670955126,11808.0,711.0,45.00001609038752,0.0,0.0,0.0
1205,25,1.1283791670955126,11820.0,711.0,45.00001609038752,0.0,0.0,0.0
1206,25,1.1283791670955126,6797.0,712.0,45.00001609038752,0.0,0.0,0.0
1207,25,1.1283791670955126,9597.0,712.0,45.00001609038752,0.0,0.0,0.0
1208,25,1.1283791670955126,11809.0,712.0,45.00001609038752,0.0,0.0,0.0
1209,25,1.1283791670955126,11813.0,712.0,45.00001609038752,0.0,0.0,0.0
1210,100,2.256758334191025,11816.5,712.0,90.00003218077504,4.47213595499958,0.0,2.0
1211,175,2.985410660720923,6799.285714285715,714.7142857142857,-45.00001609038752,5.656854249492381,1.3997084244475309,7.414213562373095
1212,25,1.1283791670955126,6824.0,713.0,45.00001609038752,0.0,0.0,0.0
1213,25,1.1283791670955126,9599.0,713.0,45.00001609038752,0.0,0.0,0.0
1214,25,1.1283791670955126,9603.0,713.0,45.00001609038752,0.0,0.0,0.0
1215,25,1.1283791670955126,11810.0,713.0,45.00001609038752,0.0,0.0,0.0
1216,25,1.1283791670955126,9602.0,714.0,45.00001609038752,0.0,0.0,0.0
1217,25,1.1283791670955126,6823.0,715.0,45.00001609038752,0.0,0.0,0.0
1218,25,1.1283791670955126,10264.0,715.0,45.00001609038752,0.0,0.0,0.0
1219,150,2.763953195770684,10262.0,717.5,-39.69018655370586,4.8496611975202075,1.3468925727763872,6.414213562373095
1220,50,1.5957691216057308,6802.5,717.0,90.00003218077504,2.0,0.0,0.0
1221,25,1.1283791670955126,6822.0,717.0,45.00001609038752,0.0,0.0,0.0
1222,25,1.1283791670955126,10327.0,717.0,45.00001609038752,0.0,0.0,0.0
1223,50,1.5957691216057308,6806.5,718.0,90.00003218077504,2.0,0.0,0.0
1224,25,1.1283791670955126,6814.0,718.0,45.00001609038752,0.0,0.0,0.0
1225,25,1.1283791670955126,6818.0,718.0,45.00001609038752,0.0,0.0,0.0
1226,200,3.1915382432114616,10227.0,718.5,79.09932353989771,4.976979969245306,1.7971283720789095,8.414213562373096
1227,25,1.1283791670955126,10230.0,718.0,45.00001609038752,0.0,0.0,0.0
1228,25,1.1283791670955126,10328.0,718.0,45.00001609038752,0.0,0.0,0.0
1229,25,1.1283791670955126,7306.0,719.0,45.00001609038752,0.0,0.0,0.0
1230,25,1.1283791670955126,10231.0,719.0,45.00001609038752,0.0,0.0,0.0
1231,1550,8.884866446580956,10226.677419354839,726.2258064516129,39.718584542025226,12.527102666369297,7.331591906895863,38.62741699796952
1232,100,2.256758334191025,10259.5,721.0,-31.71748575249332,3.23606797749979,1.2360679774997898,4.414213562373095
1233,25,1.1283791670955126,7319.0,721.0,45.00001609038752,0.0,0.0,0.0
1234,100,2.256758334191025,10229.5,721.5,45.00001609038752,2.0,2.0,4.0
1235,25,1.1283791670955126,10330.0,721.0,45.00001609038752,0.0,0.0,0.0
1236,25,1.1283791670955126,7299.0,722.0,45.00001609038752,0.0,0.0,0.0
1237,25,1.1283791670955126,7321.0,723.0,45.00001609038752,0.0,0.0,0.0
1238,50,1.5957691216057308,10258.0,723.5,0.0,2.0,0.0,0.0
1239,50,1.5957691216057308,10332.0,724.5,0.0,2.0,0.0,0.0
1240,25,1.1283791670955126,10388.0,724.0,45.00001609038752,0.0,0.0,0.0
1241,150,2.763953195770684,11722.0,724.5,90.00003218077504,3.265986323710904,2.0,6.0
1242,25,1.1283791670955126,10387.0,725.0,45.00001609038752,0.0,0.0,0.0
1243,1675,9.23618154310838,10337.626865671642,736.820895522388,27.082355002501387,25.184901828442122,3.7687767557057468,48.248737341529164
1244,14175,26.86869594648831,11720.640211640211,740.8941798941798,-71.24844689221439,33.55502166263603,23.517653657448673,108.1543289325507
1245,900,6.770275002573076,10386.416666666666,735.4444444444445,9.516586389324582,15.635013429636334,5.562500946830171,32.89949493661166
1246,100,2.256758334191025,10220.75,729.25,-71.5650767661759,3.4641016151377544,1.4142135623730951,3.2071067811865475
1247,25,1.1283791670955126,10256.0,729.0,45.00001609038752,0.0,0.0,0.0
1248,3350,13.061933202803933,11100.902985074626,734.2835820895523,85.84884919409645,14.366104604887449,12.002430767981854,43.21320343559643
1249,325,4.068428945128219,10254.23076923077,732.6153846153846,-6.20872511505498,5.577731984746022,3.1587439438471296,11.035533905932738
1250,9375,21.850968611841584,11752.824,741.9813333333333,-66.22138217678511,22.663686001691875,21.92131715261665,76.42640687119285
1251,225,3.385137501286538,7309.555555555556,732.3333333333334,-49.731178886094,5.311578320742263,2.045042168517769,9.242640687119284
1252,300,3.9088200952233594,10224.333333333334,733.4166666666666,-42.85543865915425,4.391357308776861,3.8505963301498074,10.449747468305834
1253,25,1.1283791670955126,10233.0,733.0,45.00001609038752,0.0,0.0,0.0
1254,42925,46.75630757780467,7286.890506697729,759.3046010483401,51.943443102155555,54.673989423810575,41.916325893992884,176.0538238691624
1255,75,1.9544100476116797,10220.666666666666,734.3333333333334,-45.00001609038752,2.3094010767585034,1.3333333333333333,3.414213562373095
1256,25,1.1283791670955126,7307.0,735.0,45.00001609038752,0.0,0.0,0.0
1257,75,1.9544100476116797,10252.0,736.0,0.0,3.265986323710904,0.0,1.0
1258,75,1.9544100476116797,10220.333333333334,737.6666666666666,-45.00001609038752,2.3094010767585034,1.3333333333333333,3.414213562373095
1259,7975,20.153496341094687,8054.664576802508,755.0501567398119,41.68204769248778,33.33296965810161,14.699519646875697,88.91168824543142
1260,50,1.5957691216057308,10251.0,738.5,0.0,2.0,0.0,0.0
1261,25,1.1283791670955126,6097.0,741.0,45.00001609038752,0.0,0.0,0.0
1262,75,1.9544100476116797,8038.333333333333,741.6666666666666,-45.00001609038752,2.3094010767585034,1.3333333333333333,3.414213562373095
1263,50,1.5957691216057308,10235.0,741.5,0.0,2.0,0.0,0.0
1264,75,1.9544100476116797,6090.0,742.0,90.00003218077504,3.265986323710904,0.0,1.0
1265,25,1.1283791670955126,6096.0,742.0,45.00001609038752,0.0,0.0,0.0
1266,25,1.1283791670955126,6098.0,742.0,45.00001609038752,0.0,0.0,0.0
1267,25,1.1283791670955126,6086.0,743.0,45.00001609038752,0.0,0.0,0.0
1268,50,1.5957691216057308,6093.5,743.0,90.00003218077504,2.0,0.0,0.0
1269,25,1.1283791670955126,6099.0,743.0,45.00001609038752,0.0,0.0,0.0
1270,25,1.1283791670955126,6084.0,744.0,45.00001609038752,0.0,0.0,0.0
1271,25,1.1283791670955126,6100.0,744.0,45.00001609038752,0.0,0.0,0.0
1272,875,6.6755811781245455,8040.8,749.2857142857143,8.306397119310283,12.635999032267105,5.035557027677648,26.69238815542512
1273,275,3.742410318509555,10249.272727272728,747.5454545454545,-6.280495899044518,10.20286617364416,1.3968208974551055,10.207106781186548
1274,25,1.1283791670955126,6102.0,745.0,45.00001609038752,0.0,0.0,0.0
1275,25,1.1283791670955126,6103.0,746.0,45.00001609038752,0.0,0.0,0.0
1276,1300,8.136857890256438,11739.634615384615,750.9423076923077,84.05789751114729,13.544354630384973,8.012943427985558,35.04163056034262
1277,25,1.1283791670955126,6104.0,747.0,45.00001609038752,0.0,0.0,0.0
1278,25,1.1283791670955126,10344.0,747.0,45.00001609038752,0.0,0.0,0.0
1279,25,1.1283791670955126,6105.0,748.0,45.00001609038752,0.0,0.0,0.0
1280,50,1.5957691216057308,8044.0,748.5,0.0,2.0,0.0,0.0
1281,25,1.1283791670955126,6079.0,749.0,45.00001609038752,0.0,0.0,0.0
1282,25,1.1283791670955126,7310.0,749.0,45.00001609038752,0.0,0.0,0.0
1283,700,5.970821321441846,6094.25,753.4642857142857,2.46685370776158,7.674922404983994,4.7287283914307965,18.485281374238568
1284,200,3.1915382432114616,11727.5,752.0,90.00003218077504,9.16515138991168,0.0,6.0
1285,50,1.5957691216057308,11721.5,753.0,90.00003218077504,2.0,0.0,0.0
1286,25,1.1283791670955126,10249.0,754.0,45.00001609038752,0.0,0.0,0.0
1287,75,1.9544100476116797,11716.666666666666,754.6666666666666,45.00001609038752,2.3094010767585034,1.3333333333333333,3.414213562373095
1288,50,1.5957691216057308,11719.5,754.0,90.00003218077504,2.0,0.0,0.0
1289,100,2.256758334191025,11748.0,754.5,58.28254642828171,3.23606797749979,1.2360679774997898,4.414213562373095
1290,225,3.385137501286538,8036.888888888889,757.2222222222222,-55.27804237523185,4.241779442363347,3.3528905534744573,8.035533905932738
1291,25,1.1283791670955126,8040.0,756.0,45.00001609038752,0.0,0.0,0.0
1292,25,1.1283791670955126,11714.0,756.0,45.00001609038752,0.0,0.0,0.0
1293,50,1.5957691216057308,11750.5,756.0,90.00003218077504,2.0,0.0,0.0
1294,100,2.256758334191025,8042.5,758.0,31.71748575249332,3.23606797749979,1.2360679774997898,4.414213562373095
1295,250,3.5682482323055424,11707.3,760.0,0.0,6.928203230275509,1.8330302779823366,8.0
1296,75,1.9544100476116797,11753.0,757.0,90.00003218077504,3.265986323710904,0.0,1.0
1297,300,3.9088200952233594,11759.333333333334,759.1666666666666,59.2119694939843,10.061945739321297,1.789327355013176,12.414213562373096
1298,3800,13.911592676604096,10347.736842105263,788.4013157894736,-1.6557909461704832,66.26824446265489,6.0431021269736105,113.00609665440989
1299,150,2.763953195770684,11712.166666666666,761.5,-30.963767603603344,4.320493798938573,1.8856180831641272,6.621320343559642
1300,1567625,282.557048492191,8117.830204927836,1050.9669723307552,-1.7874657543812291,517.7761246560186,177.10810513188528,1636.0956338982542
1301,25,1.1283791670955126,11710.0,761.0,45.00001609038752,0.0,0.0,0.0
1302,2486850,355.88513662835874,3198.249341536482,1108.8673924844684,-44.55769979326078,562.1697065761456,333.36684111280914,1826.670273047588
1303,25,1.1283791670955126,11764.0,762.0,45.00001609038752,0.0,0.0,0.0
1304,600,5.527906391541368,11769.958333333334,766.7083333333334,46.48527762094323,16.16428061487916,1.9984518961484714,21.86396103067893
1305,25,1.1283791670955126,3777.0,763.0,45.00001609038752,0.0,0.0,0.0
1306,25,1.1283791670955126,9234.0,763.0,45.00001609038752,0.0,0.0,0.0
1307,25,1.1283791670955126,9598.0,763.0,45.00001609038752,0.0,0.0,0.0
1308,50,1.5957691216057308,11746.0,763.5,0.0,2.0,0.0,0.0
1309,25,1.1283791670955126,9233.0,764.0,45.00001609038752,0.0,0.0,0.0
1310,25,1.1283791670955126,9235.0,764.0,45.00001609038752,0.0,0.0,0.0
1311,25,1.1283791670955126,11705.0,764.0,45.00001609038752,0.0,0.0,0.0
1312,25,1.1283791670955126,9232.0,765.0,45.00001609038752,0.0,0.0,0.0
1313,25,1.1283791670955126,9240.0,765.0,45.00001609038752,0.0,0.0,0.0
1314,300,3.9088200952233594,3109.6666666666665,767.4166666666666,70.42662594334536,6.938179940341545,2.7029804956541255,8.035533905932738
1315,25,1.1283791670955126,6105.0,766.0,45.00001609038752,0.0,0.0,0.0
1316,25,1.1283791670955126,9231.0,766.0,45.00001609038752,0.0,0.0,0.0
1317,100,2.256758334191025,9244.5,766.0,90.00003218077504,4.47213595499958,0.0,2.0
1318,25,1.1283791670955126,11704.0,766.0,45.00001609038752,0.0,0.0,0.0
1319,25,1.1283791670955126,8082.0,767.0,45.00001609038752,0.0,0.0,0.0
1320,25,1.1283791670955126,9230.0,767.0,45.00001609038752,0.0,0.0,0.0
1321,50,1.5957691216057308,9247.5,767.0,90.00003218077504,2.0,0.0,0.0
1322,825,6.4820448144285745,3106.090909090909,771.2424242424242,58.309045830144605,14.26762055462408,4.344837350974346,27.727922061357855
1323,25,1.1283791670955126,6083.0,768.0,45.00001609038752,0.0,0.0,0.0
1324,50,1.5957691216057308,6102.5,768.0,90.00003218077504,2.0,0.0,0.0
1325,25,1.1283791670955126,8062.0,768.0,45.00001609038752,0.0,0.0,0.0
1326,25,1.1283791670955126,8084.0,768.0,45.00001609038752,0.0,0.0,0.0
1327,150,2.763953195770684,9250.0,769.5,39.69018655370586,4.8496611975202075,1.3468925727763872,6.414213562373095
1328,25,1.1283791670955126,11703.0,768.0,45.00001609038752,0.0,0.0,0.0
1329,25,1.1283791670955126,6101.0,769.0,45.00001609038752,0.0,0.0,0.0
1330,25,1.1283791670955126,8085.0,769.0,45.00001609038752,0.0,0.0,0.0
1331,25,1.1283791670955126,3099.0,770.0,45.00001609038752,0.0,0.0,0.0
1332,225,3.385137501286538,3113.777777777778,772.4444444444445,-5.884146569969537,5.048517253312363,2.4733402140854652,7.621320343559642
1333,25,1.1283791670955126,6099.0,770.0,45.00001609038752,0.0,0.0,0.0
1334,50,1.5957691216057308,11702.0,770.5,0.0,2.0,0.0,0.0
1335,25,1.1283791670955126,3098.0,771.0,45.00001609038752,0.0,0.0,0.0
1336,50,1.5957691216057308,8065.5,772.0,90.00003218077504,2.0,0.0,0.0
1337,50,1.5957691216057308,8076.0,772.5,0.0,2.0,0.0,0.0
1338,50,1.5957691216057308,9252.0,772.5,0.0,2.0,0.0,0.0
1339,525,5.170882945826411,10249.0,776.5714285714286,8.681062877601143,9.948099791874851,2.6549794675432854,16.82842712474619
1340,75,1.9544100476116797,11701.0,773.0,0.0,3.265986323710904,0.0,1.0
1341,261875,115.4867275105708,8723.868448687352,827.494415274463,74.35863904888339,141.33225923697225,100.05081561206622,431.9310242291875
1342,50,1.5957691216057308,9597.0,773.5,0.0,2.0,0.0,0.0
1343,25,1.1283791670955126,11776.0,773.0,45.00001609038752,0.0,0.0,0.0
1344,50,1.5957691216057308,11777.0,774.5,0.0,2.0,0.0,0.0
1345,25,1.1283791670955126,3094.0,775.0,45.00001609038752,0.0,0.0,0.0
1346,25,1.1283791670955126,9598.0,775.0,45.00001609038752,0.0,0.0,0.0
1347,275,3.742410318509555,3113.5454545454545,777.8181818181819,-48.971753415833156,4.533315962095487,3.0114583009821128,9.65685424949238
1348,25,1.1283791670955126,9599.0,776.0,45.00001609038752,0.0,0.0,0.0
1349,25,1.1283791670955126,11778.0,776.0,45.00001609038752,0.0,0.0,0.0
1350,25,1.1283791670955126,9253.0,777.0,45.00001609038752,0.0,0.0,0.0
1351,200,3.1915382432114616,3103.125,778.875,-45.00001609038752,3.4641016151377544,2.7386127875258306,7.414213562373095
1352,150,2.763953195770684,8024.5,778.5,71.5650767661759,3.9999999999999996,1.632993161855452,6.414213562373095
1353,25,1.1283791670955126,8085.0,778.0,45.00001609038752,0.0,0.0,0.0
1354,250,3.5682482323055424,11780.5,781.0,27.34440305755861,8.514285572357,1.3809204149238357,10.414213562373096
1355,75,1.9544100476116797,7296.0,780.0,90.00003218077504,3.265986323710904,0.0,1.0
1356,50,1.5957691216057308,11700.0,780.5,0.0,2.0,0.0,0.0
1357,125,2.5231325220201604,3092.4,781.8,-18.43495541459913,3.098386676965933,1.7888543819998317,5.207106781186548
1358,25,1.1283791670955126,7301.0,781.0,45.00001609038752,0.0,0.0,0.0
1359,25,1.1283791670955126,7305.0,781.0,45.00001609038752,0.0,0.0,0.0
1360,50,1.5957691216057308,8068.0,781.5,0.0,2.0,0.0,0.0
1361,75,1.9544100476116797,3109.3333333333335,782.3333333333334,45.00001609038752,2.3094010767585034,1.3333333333333333,3.414213562373095
1362,25,1.1283791670955126,7308.0,782.0,45.00001609038752,0.0,0.0,0.0
1363,50,1.5957691216057308,10235.0,782.5,0.0,2.0,0.0,0.0
1364,100,2.256758334191025,10249.25,783.0,0.0,2.8284271247461903,1.7320508075688772,4.621320343559642
1365,125,2.5231325220201604,11697.0,784.0,0.0,5.656854249492381,0.0,3.0
1366,25,1.1283791670955126,7309.0,783.0,45.00001609038752,0.0,0.0,0.0
1367,25,1.1283791670955126,9253.0,783.0,45.00001609038752,0.0,0.0,0.0
1368,25,1.1283791670955126,7310.0,784.0,45.00001609038752,0.0,0.0,0.0
1369,50,1.5957691216057308,10251.0,784.5,0.0,2.0,0.0,0.0
1370,25,1.1283791670955126,7286.0,785.0,45.00001609038752,0.0,0.0,0.0
1371,25,1.1283791670955126,11783.0,785.0,45.00001609038752,0.0,0.0,0.0
1372,550,5.292567428401227,11785.09090909091,792.9545454545455,13.137171254287383,13.633618544613343,2.853239265395568,18.071067811865476
1373,25,1.1283791670955126,7312.0,787.0,45.00001609038752,0.0,0.0,0.0
1374,25,1.1283791670955126,9231.0,787.0,45.00001609038752,0.0,0.0,0.0
1375,25,1.1283791670955126,3093.0,788.0,45.00001609038752,0.0,0.0,0.0
1376,100,2.256758334191025,6103.25,788.25,71.5650767661759,3.4641016151377544,1.4142135623730951,3.2071067811865475
1377,25,1.1283791670955126,8035.0,788.0,45.00001609038752,0.0,0.0,0.0
1378,50,1.5957691216057308,10250.0,788.5,0.0,2.0,0.0,0.0
1379,200,3.1915382432114616,11699.0,790.0,22.50000804519376,5.226251859505506,2.164784400584788,8.414213562373096
1380,125,2.5231325220201604,3111.0,790.0,45.00001609038752,2.5298221281347035,2.5298221281347035,5.656854249492381
1381,25,1.1283791670955126,6101.0,789.0,45.00001609038752,0.0,0.0,0.0
1382,25,1.1283791670955126,7313.0,789.0,45.00001609038752,0.0,0.0,0.0
1383,50,1.5957691216057308,6099.5,790.0,90.00003218077504,2.0,0.0,0.0
1384,25,1.1283791670955126,6105.0,790.0,45.00001609038752,0.0,0.0,0.0
1385,25,1.1283791670955126,9241.0,790.0,45.00001609038752,0.0,0.0,0.0
1386,25,1.1283791670955126,9249.0,790.0,45.00001609038752,0.0,0.0,0.0
1387,150,2.763953195770684,3108.5,792.0,0.0,3.265986323710904,2.0,6.0
1388,50,1.5957691216057308,6097.5,791.0,90.00003218077504,2.0,0.0,0.0
1389,50,1.5957691216057308,6117.5,791.0,90.00003218077504,2.0,0.0,0.0
1390,25,1.1283791670955126,8063.0,791.0,45.00001609038752,0.0,0.0,0.0
1391,25,1.1283791670955126,9247.0,791.0,45.00001609038752,0.0,0.0,0.0
1392,125,2.5231325220201604,6116.0,793.0,45.00001609038752,2.5298221281347035,2.5298221281347035,5.656854249492381
1393,75,1.9544100476116797,8024.333333333333,792.3333333333334,45.00001609038752,2.3094010767585034,1.3333333333333333,3.414213562373095
1394,25,1.1283791670955126,8040.0,792.0,45.00001609038752,0.0,0.0,0.0
1395,25,1.1283791670955126,10236.0,792.0,45.00001609038752,0.0,0.0,0.0
1396,25,1.1283791670955126,6096.0,793.0,45.00001609038752,0.0,0.0,0.0
1397,25,1.1283791670955126,10237.0,793.0,45.00001609038752,0.0,0.0,0.0
1398,125,2.5231325220201604,11698.0,795.0,0.0,5.656854249492381,0.0,3.0
1399,25,1.1283791670955126,8026.0,794.0,45.00001609038752,0.0,0.0,0.0
1400,5413900,525.0977650396809,8695.417037625371,1235.4384270119508,8.665847366718582,993.1104277376793,322.2024028705629,2879.9627329905124
1401,25,1.1283791670955126,9595.0,795.0,45.00001609038752,0.0,0.0,0.0
1402,25,1.1283791670955126,8028.0,796.0,45.00001609038752,0.0,0.0,0.0
1403,25,1.1283791670955126,8015.0,797.0,45.00001609038752,0.0,0.0,0.0
1404,50,1.5957691216057308,9596.0,797.5,0.0,2.0,0.0,0.0
1405,25,1.1283791670955126,8031.0,798.0,45.00001609038752,0.0,0.0,0.0
1406,450,4.787307364817192,11699.944444444445,801.7222222222222,7.62280881858589,7.811365178458287,2.9681196981584983,13.621320343559642
1407,25,1.1283791670955126,9597.0,799.0,45.00001609038752,0.0,0.0,0.0
1408,25,1.1283791670955126,9598.0,800.0,45.00001609038752,0.0,0.0,0.0
1409,100,2.256758334191025,10239.25,801.25,18.43495541459913,3.4641016151377544,1.4142135623730951,3.2071067811865475
1410,25,1.1283791670955126,10255.0,800.0,45.00001609038752,0.0,0.0,0.0
1411,25,1.1283791670955126,3104.0,801.0,45.00001609038752,0.0,0.0,0.0
1412,50,1.5957691216057308,3816.0,801.5,0.0,2.0,0.0,0.0
1413,25,1.1283791670955126,7287.0,801.0,45.00001609038752,0.0,0.0,0.0
1414,100,2.256758334191025,11787.0,803.5,0.0,4.47213595499958,0.0,2.0
1415,25,1.1283791670955126,8072.0,803.0,45.00001609038752,0.0,0.0,0.0
1416,1225,7.898654169668588,11716.081632653062,818.6326530612245,11.28041022084904,37.42330149228176,1.9810755546485104,48.207106781186546
1417,125,2.5231325220201604,7229.4,804.8,84.84760710407011,4.093338188813542,1.563516060678838,4.414213562373095
1418,100,2.256758334191025,7233.5,804.5,45.00001609038752,2.0,2.0,4.0
1419,100,2.256758334191025,6121.0,806.5,0.0,4.47213595499958,0.0,2.0
1420,175,2.985410660720923,7239.285714285715,806.0,0.0,3.0237157840738176,2.799416848895061,6.82842712474619
1421,25,1.1283791670955126,7290.0,805.0,45.00001609038752,0.0,0.0,0.0
1422,25,1.1283791670955126,10241.0,805.0,45.00001609038752,0.0,0.0,0.0
1423,150,2.763953195770684,7311.166666666667,807.5,30.963767603603344,4.320493798938573,1.8856180831641272,6.621320343559642
1424,75,1.9544100476116797,10239.666666666666,806.3333333333334,-45.00001609038752,2.3094010767585034,1.3333333333333333,3.414213562373095
1425,50,1.5957691216057308,10275.0,806.5,0.0,2.0,0.0,0.0
1426,25,1.1283791670955126,11702.0,806.0,45.00001609038752,0.0,0.0,0.0
1427,50,1.5957691216057308,7230.0,807.5,0.0,2.0,0.0,0.0
1428,75,1.9544100476116797,7234.666666666667,807.3333333333334,-45.00001609038752,2.3094010767585034,1.3333333333333333,3.414213562373095
1429,125,2.5231325220201604,11700.0,809.0,0.0,5.656854249492381,0.0,3.0
1430,25,1.1283791670955126,7199.0,808.0,45.00001609038752,0.0,0.0,0.0
1431,25,1.1283791670955126,7238.0,808.0,45.00001609038752,0.0,0.0,0.0
1432,75,1.9544100476116797,11788.0,809.0,0.0,3.265986323710904,0.0,1.0
1433,175,2.985410660720923,2448.5714285714284,809.4285714285714,75.9107320879684,6.553504018576144,1.2082004568003004,5.0
1434,150,2.763953195770684,7233.5,810.0,0.0,3.265986323710904,2.0,6.0
1435,450,4.787307364817192,7240.277777777777,812.6111111111111,34.13479569397727,8.393444552678513,3.3509850621556643,17.692388155425117
1436,25,1.1283791670955126,10242.0,809.0,45.00001609038752,0.0,0.0,0.0
1437,25,1.1283791670955126,10258.0,809.0,45.00001609038752,0.0,0.0,0.0
1438,25,1.1283791670955126,2444.0,810.0,45.00001609038752,0.0,0.0,0.0
1439,125,2.5231325220201604,2456.0,810.0,90.00003218077504,5.656854249492381,0.0,3.0
1440,25,1.1283791670955126,7185.0,810.0,45.00001609038752,0.0,0.0,0.0
1441,50,1.5957691216057308,7189.5,810.0,90.00003218077504,2.0,0.0,0.0
1442,25,1.1283791670955126,7314.0,810.0,45.00001609038752,0.0,0.0,0.0
1443,25,1.1283791670955126,2460.0,811.0,45.00001609038752,0.0,0.0,0.0
1444,25,1.1283791670955126,3815.0,811.0,45.00001609038752,0.0,0.0,0.0
1445,50,1.5957691216057308,7243.5,811.0,90.00003218077504,2.0,0.0,0.0
1446,25,1.1283791670955126,10259.0,811.0,45.00001609038752,0.0,0.0,0.0
1447,100,2.256758334191025,11703.0,812.5,0.0,4.47213595499958,0.0,2.0
1448,25,1.1283791670955126,7165.0,812.0,45.00001609038752,0.0,0.0,0.0
1449,25,1.1283791670955126,7231.0,812.0,45.00001609038752,0.0,0.0,0.0
1450,75,1.9544100476116797,7315.333333333333,812.6666666666666,-45.00001609038752,2.3094010767585034,1.3333333333333333,3.414213562373095
1451,350,4.222008245644752,8038.357142857143,814.2142857142857,24.357653262135273,4.742873420478221,3.686025552052299,11.071067811865476
1452,25,1.1283791670955126,8076.0,812.0,45.00001609038752,0.0,0.0,0.0
1453,50,1.5957691216057308,10260.0,812.5,0.0,2.0,0.0,0.0
1454,125,2.5231325220201604,7229.8,813.6,71.5650767661759,3.098386676965933,1.7888543819998317,5.207106781186548
1455,50,1.5957691216057308,7235.5,813.0,90.00003218077504,2.0,0.0,0.0
1456,25,1.1283791670955126,7154.0,814.0,45.00001609038752,0.0,0.0,0.0
1457,25,1.1283791670955126,7237.0,814.0,45.00001609038752,0.0,0.0,0.0
1458,110900,75.15377981475837,8027.166816952209,862.1844003606853,22.101782861330737,91.7484833289937,78.0704878702479,420.47518010647184
1459,100,2.256758334191025,8074.5,814.5,45.00001609038752,2.0,2.0,4.0
1460,50,1.5957691216057308,10261.0,814.5,0.0,2.0,0.0,0.0
1461,50,1.5957691216057308,11788.0,814.5,0.0,2.0,0.0,0.0
1462,25,1.1283791670955126,6099.0,815.0,45.00001609038752,0.0,0.0,0.0
1463,75,1.9544100476116797,6117.333333333333,815.3333333333334,45.00001609038752,2.3094010767585034,1.3333333333333333,3.414213562373095
1464,25,1.1283791670955126,7150.0,815.0,45.00001609038752,0.0,0.0,0.0
1465,25,1.1283791670955126,7236.0,816.0,45.00001609038752,0.0,0.0,0.0
1466,25,1.1283791670955126,9597.0,816.0,45.00001609038752,0.0,0.0,0.0
1467,25,1.1283791670955126,10262.0,816.0,45.00001609038752,0.0,0.0,0.0
1468,75,1.9544100476116797,6115.0,817.0,90.00003218077504,3.265986323710904,0.0,1.0
1469,25,1.1283791670955126,9596.0,817.0,45.00001609038752,0.0,0.0,0.0
1470,25,1.1283791670955126,10244.0,817.0,45.00001609038752,0.0,0.0,0.0
1471,50,1.5957691216057308,10263.0,817.5,0.0,2.0,0.0,0.0
1472,25,1.1283791670955126,11704.0,817.0,45.00001609038752,0.0,0.0,0.0
1473,375,4.370193722368317,11787.4,818.4,57.221997850736955,5.450365378250697,3.7736168208010743,13.449747468305834
1474,25,1.1283791670955126,6112.0,818.0,45.00001609038752,0.0,0.0,0.0
1475,25,1.1283791670955126,9595.0,818.0,45.00001609038752,0.0,0.0,0.0
1476,50,1.5957691216057308,10242.5,818.0,90.00003218077504,2.0,0.0,0.0
1477,25,1.1283791670955126,10247.0,818.0,45.00001609038752,0.0,0.0,0.0
1478,25,1.1283791670955126,7321.0,819.0,45.00001609038752,0.0,0.0,0.0
1479,525,5.170882945826411,10268.238095238095,824.0,44.1181896587419,14.474089710562007,2.5954873752345984,20.65685424949238
1480,25,1.1283791670955126,7318.0,820.0,45.00001609038752,0.0,0.0,0.0
1481,25,1.1283791670955126,7322.0,820.0,45.00001609038752,0.0,0.0,0.0
1482,25,1.1283791670955126,7319.0,821.0,45.00001609038752,0.0,0.0,0.0
1483,100,2.256758334191025,11789.0,823.5,0.0,4.47213595499958,0.0,2.0
1484,125,2.5231325220201604,7317.4,823.8,-18.43495541459913,3.098386676965933,1.7888543819998317,5.207106781186548
1485,875,6.6755811781245455,10336.885714285714,831.3142857142857,-38.80782057130294,21.442669197481315,2.8121636186392363,27.035533905932738
1486,50,1.5957691216057308,11705.0,823.5,0.0,2.0,0.0,0.0
1487,25,1.1283791670955126,2443.0,824.0,45.00001609038752,0.0,0.0,0.0
1488,150,2.763953195770684,2458.5,826.0,-26.565060675788388,5.033222956847166,2.3094010767585034,4.0
1489,50,1.5957691216057308,8070.0,824.5,0.0,2.0,0.0,0.0
1490,25,1.1283791670955126,7325.0,825.0,45.00001609038752,0.0,0.0,0.0
1491,125,2.5231325220201604,8067.4,825.8,-18.43495541459913,3.098386676965933,1.7888543819998317,5.207106781186548
1492,25,1.1283791670955126,7326.0,826.0,45.00001609038752,0.0,0.0,0.0
1493,25,1.1283791670955126,8033.0,826.0,45.00001609038752,0.0,0.0,0.0
1494,75,1.9544100476116797,11706.0,827.0,0.0,3.265986323710904,0.0,1.0
1495,50,1.5957691216057308,2454.5,827.0,90.00003218077504,2.0,0.0,0.0
1496,25,1.1283791670955126,7327.0,827.0,45.00001609038752,0.0,0.0,0.0
1497,25,1.1283791670955126,8046.0,827.0,45.00001609038752,0.0,0.0,0.0
1498,25,1.1283791670955126,11790.0,827.0,45.00001609038752,0.0,0.0,0.0
1499,75,1.9544100476116797,7317.666666666667,828.6666666666666,45.00001609038752,2.3094010767585034,1.3333333333333333,3.414213562373095
1500,25,1.1283791670955126,10273.0,828.0,45.00001609038752,0.0,0.0,0.0
1501,300,3.9088200952233594,4190.583333333333,831.9166666666666,23.179661181247578,7.3307208831759585,2.7150768762742272,10.035533905932738
1502,175,2.985410660720923,4193.285714285715,829.5714285714286,81.65040707825256,4.155374705678736,1.9054711331003737,7.207106781186548
1503,100,2.256758334191025,4199.0,829.5,-58.28254642828171,3.23606797749979,1.2360679774997898,4.414213562373095
1504,25,1.1283791670955126,10274.0,829.0,45.00001609038752,0.0,0.0,0.0
1505,50,1.5957691216057308,11791.0,829.5,0.0,2.0,0.0,0.0
1506,25,1.1283791670955126,10275.0,830.0,45.00001609038752,0.0,0.0,0.0
1507,250,3.5682482323055424,8068.3,832.9,-11.436836684714878,5.283365896051478,2.384542892975539,9.035533905932738
1508,25,1.1283791670955126,10276.0,831.0,45.00001609038752,0.0,0.0,0.0
1509,100,2.256758334191025,11707.0,832.5,0.0,4.47213595499958,0.0,2.0
1510,50,1.5957691216057308,4196.5,832.0,90.00003218077504,2.0,0.0,0.0
1511,100,2.256758334191025,10278.0,832.5,58.28254642828171,3.23606797749979,1.2360679774997898,4.414213562373095
1512,75,1.9544100476116797,4193.666666666667,833.6666666666666,45.00001609038752,2.3094010767585034,1.3333333333333333,3.414213562373095
1513,175,2.985410660720923,4199.714285714285,834.1428571428571,67.50002413558127,4.375345285424217,2.089630999709932,7.414213562373096
1514,350,4.222008245644752,7324.357142857143,834.7857142857143,-24.357653262135262,4.742873420478221,3.686025552052299,11.071067811865476
1515,125,2.5231325220201604,10281.4,834.6,69.00641842630537,4.34169545110285,1.2765894445250698,4.207106781186548
1516,375,4.370193722368317,11790.0,836.0,0.0,5.656854249492381,3.265986323710904,12.0
1517,775,6.282549314314218,4196.806451612903,837.741935483871,87.02029965231337,18.436709083462404,2.706667991480239,28.071067811865476
1518,25,1.1283791670955126,10284.0,836.0,45.00001609038752,0.0,0.0,0.0
1519,5054175,507.35295312087584,10508.242324414963,1132.7931215282415,-7.493174742354722,688.5424276777052,397.2676133098735,2040.4865068635143
1520,25,1.1283791670955126,11753.0,836.0,45.00001609038752,0.0,0.0,0.0
1521,50,1.5957691216057308,10285.5,837.0,90.00003218077504,2.0,0.0,0.0
1522,25,1.1283791670955126,10288.0,838.0,45.00001609038752,0.0,0.0,0.0
1523,75,1.9544100476116797,11708.0,839.0,0.0,3.265986323710904,0.0,1.0
1524,50,1.5957691216057308,10289.5,839.0,90.00003218077504,2.0,0.0,0.0
1525,325,4.068428945128219,11754.461538461539,841.7692307692307,-2.1445774312332784,7.554371880072024,1.9753176197160076,13.207106781186548
1526,125,2.5231325220201604,10293.0,840.0,90.00003218077504,5.656854249492381,0.0,3.0
1527,25,1.1283791670955126,4199.0,841.0,45.00001609038752,0.0,0.0,0.0
1528,175,2.985410660720923,4204.0,841.7142857142857,90.00003218077504,3.0237157840738176,2.7994168488950604,6.82842712474619
1529,100,2.256758334191025,6507.0,841.5,58.28254642828171,3.23606797749979,1.2360679774997898,4.414213562373095
1530,25,1.1283791670955126,6512.0,841.0,45.00001609038752,0.0,0.0,0.0
1531,25,1.1283791670955126,7316.0,841.0,45.00001609038752,0.0,0.0,0.0
1532,575,5.4115163798060095,10318.217391304348,843.8695652173913,-73.30122170465908,20.036767508517976,1.939191065184675,23.414213562373096
1533,25,1.1283791670955126,6505.0,842.0,45.00001609038752,0.0,0.0,0.0
1534,25,1.1283791670955126,7317.0,842.0,45.00001609038752,0.0,0.0,0.0
1535,150,2.763953195770684,7328.833333333333,842.8333333333334,-45.00001609038752,3.126943839882286,2.309401076758503,6.242640687119286
1536,75,1.9544100476116797,10305.0,842.0,90.00003218077504,3.265986323710904,0.0,1.0
1537,25,1.1283791670955126,989.0,843.0,45.00001609038752,0.0,0.0,0.0
1538,25,1.1283791670955126,6504.0,843.0,45.00001609038752,0.0,0.0,0.0
1539,50,1.5957691216057308,7319.5,843.0,90.00003218077504,2.0,0.0,0.0
1540,25,1.1283791670955126,7322.0,843.0,45.00001609038752,0.0,0.0,0.0
1541,25,1.1283791670955126,7333.0,843.0,45.00001609038752,0.0,0.0,0.0
1542,100,2.256758334191025,11709.0,844.5,0.0,4.47213595499958,0.0,2.0
1543,25,1.1283791670955126,990.0,844.0,45.00001609038752,0.0,0.0,0.0
1544,25,1.1283791670955126,6503.0,844.0,45.00001609038752,0.0,0.0,0.0
1545,200,3.1915382432114616,8076.875,844.875,45.00001609038752,3.4641016151377544,2.7386127875258306,7.414213562373095
1546,75,1.9544100476116797,11792.0,845.0,0.0,3.265986323710904,0.0,1.0
1547,25,1.1283791670955126,986.0,845.0,45.00001609038752,0.0,0.0,0.0
1548,25,1.1283791670955126,991.0,845.0,45.00001609038752,0.0,0.0,0.0
1549,25,1.1283791670955126,6502.0,845.0,45.00001609038752,0.0,0.0,0.0
1550,25,1.1283791670955126,10645.0,845.0,45.00001609038752,0.0,0.0,0.0
1551,175,2.985410660720923,10649.42857142857,845.5714285714286,75.9107320879684,6.553504018576144,1.2082004568003004,5.0
1552,25,1.1283791670955126,10653.0,845.0,45.00001609038752,0.0,0.0,0.0
1553,475,4.918490759365935,991.3684210526316,849.7368421052631,-20.718570607003844,8.781710247877978,3.2479462972801376,12.071067811865476
1554,25,1.1283791670955126,7337.0,846.0,45.00001609038752,0.0,0.0,0.0
1555,25,1.1283791670955126,10643.0,846.0,45.00001609038752,0.0,0.0,0.0
1556,150,2.763953195770684,10655.833333333334,846.6666666666666,57.75695586557756,4.93861174764721,1.6496136266144523,5.207106781186548
1557,450,4.787307364817192,4178.277777777777,848.7222222222222,88.88650829891215,5.934357213730842,4.174371781296281,13.278174593052023
1558,25,1.1283791670955126,9601.0,847.0,45.00001609038752,0.0,0.0,0.0
1559,25,1.1283791670955126,10642.0,847.0,45.00001609038752,0.0,0.0,0.0
1560,25,1.1283791670955126,11753.0,847.0,45.00001609038752,0.0,0.0,0.0
1561,75,1.9544100476116797,11754.666666666666,847.6666666666666,45.00001609038752,2.3094010767585034,1.3333333333333333,3.414213562373095
1562,25,1.1283791670955126,4174.0,848.0,45.00001609038752,0.0,0.0,0.0
1563,50,1.5957691216057308,4203.5,848.0,90.00003218077504,2.0,0.0,0.0
1564,25,1.1283791670955126,9600.0,848.0,45.00001609038752,0.0,0.0,0.0
1565,771375,198.20647353909368,1279.1197536865986,970.4172743477557,-24.072635088749195,214.65172366037834,189.86987267709574,711.0092347159895
1566,25,1.1283791670955126,10658.0,849.0,45.00001609038752,0.0,0.0,0.0
1567,100,2.256758334191025,11710.0,850.5,0.0,4.47213595499958,0.0,2.0
1568,50,1.5957691216057308,4204.0,850.5,0.0,2.0,0.0,0.0
1569,225,3.385137501286538,6510.333333333333,852.0,-54.21749379768709,4.25044367047193,2.612014068307059,7.621320343559642
1570,25,1.1283791670955126,7342.0,852.0,45.00001609038752,0.0,0.0,0.0
1571,100,2.256758334191025,4203.5,853.5,45.00001609038752,2.0,2.0,4.0
1572,25,1.1283791670955126,4284.0,853.0,45.00001609038752,0.0,0.0,0.0
1573,175,2.985410660720923,11793.0,857.0,0.0,8.0,0.0,5.0
1574,50,1.5957691216057308,11711.0,855.5,0.0,2.0,0.0,0.0
1575,475,4.918490759365935,11713.473684210527,860.7894736842105,17.02119682803728,10.091038010097714,2.423176201536723,15.449747468305832
1576,25,1.1283791670955126,7334.0,859.0,45.00001609038752,0.0,0.0,0.0
1577,25,1.1283791670955126,7337.0,859.0,45.00001609038752,0.0,0.0,0.0
1578,150,2.763953195770684,7339.333333333333,859.8333333333334,63.434971504986656,3.055050463303893,2.666666666666666,6.414213562373095
1579,1425,8.51907589177983,11722.315789473685,871.7543859649123,5.188365380057426,25.823520522470787,3.317537116952866,44.86396103067892
1580,139450,84.27413707972771,5583.530835424884,923.661168877734,16.016719119439703,126.0055531396093,60.90128454818083,379.90663761154804
1581,25,1.1283791670955126,6500.0,862.0,45.00001609038752,0.0,0.0,0.0
1582,25,1.1283791670955126,7341.0,862.0,45.00001609038752,0.0,0.0,0.0
1583,25,1.1283791670955126,6522.0,863.0,45.00001609038752,0.0,0.0,0.0
1584,25,1.1283791670955126,6864.0,865.0,45.00001609038752,0.0,0.0,0.0
1585,25,1.1283791670955126,7326.0,865.0,45.00001609038752,0.0,0.0,0.0
1586,800,6.383076486422923,11135.25,867.4375,-62.680846876060365,12.546217483270983,6.444371719761789,25.656854249492383
1587,50,1.5957691216057308,6862.5,866.0,90.00003218077504,2.0,0.0,0.0
1588,75,1.9544100476116797,7327.333333333333,866.6666666666666,-45.00001609038752,2.3094010767585034,1.3333333333333333,3.414213562373095
1589,250,3.5682482323055424,7343.2,867.5,-55.00799947032382,5.727128425310542,2.9933259094191533,9.414213562373096
1590,75,1.9544100476116797,6858.0,867.0,90.00003218077504,3.265986323710904,0.0,1.0
1591,25,1.1283791670955126,11151.0,867.0,45.00001609038752,0.0,0.0,0.0
1592,25,1.1283791670955126,6856.0,868.0,45.00001609038752,0.0,0.0,0.0
1593,25,1.1283791670955126,7329.0,868.0,45.00001609038752,0.0,0.0,0.0
1594,25,1.1283791670955126,11716.0,868.0,45.00001609038752,0.0,0.0,0.0
1595,25,1.1283791670955126,6873.0,870.0,45.00001609038752,0.0,0.0,0.0
1596,25,1.1283791670955126,6876.0,870.0,45.00001609038752,0.0,0.0,0.0
1597,25,1.1283791670955126,7339.0,870.0,45.00001609038752,0.0,0.0,0.0
1598,300,3.9088200952233594,11150.083333333334,872.5,17.184856587711344,5.738866430431609,2.6371008669662315,11.242640687119284
1599,50,1.5957691216057308,11792.0,870.5,0.0,2.0,0.0,0.0
1600,25,1.1283791670955126,6871.0,871.0,45.00001609038752,0.0,0.0,0.0
1601,50,1.5957691216057308,6877.0,871.5,0.0,2.0,0.0,0.0
1602,325,4.068428945128219,10683.923076923076,872.3846153846154,86.97396944623107,9.087743285660638,1.8885889250379937,13.414213562373096
1603,25,1.1283791670955126,6854.0,873.0,45.00001609038752,0.0,0.0,0.0
1604,25,1.1283791670955126,10658.0,873.0,45.00001609038752,0.0,0.0,0.0
1605,50,1.5957691216057308,10671.5,873.0,90.00003218077504,2.0,0.0,0.0
1606,125,2.5231325220201604,10677.0,873.0,90.00003218077504,5.656854249492381,0.0,3.0
1607,25,1.1283791670955126,10668.0,874.0,45.00001609038752,0.0,0.0,0.0
1608,125,2.5231325220201604,10688.6,875.4,20.99361375446966,4.34169545110285,1.2765894445250698,4.207106781186548
1609,100,2.256758334191025,6878.0,876.5,0.0,4.47213595499958,0.0,2.0
1610,50,1.5957691216057308,11719.0,875.5,0.0,2.0,0.0,0.0
1611,75,1.9544100476116797,10659.333333333334,876.6666666666666,-45.00001609038752,2.3094010767585034,1.3333333333333333,3.414213562373095
1612,250,3.5682482323055424,10664.7,877.7,-18.977122223102736,5.282595656681677,2.7593809320222307,8.621320343559642
1613,175,2.985410660720923,11152.57142857143,877.5714285714286,17.76884524948727,3.685706545597305,2.822514422975452,6.621320343559642
1614,15450,28.05106127486678,8057.166666666667,889.2734627831716,49.95403496845653,41.04180995421311,21.6661954797883,112.29036790187178
1615,50,1.5957691216057308,11131.0,877.5,0.0,2.0,0.0,0.0
1616,100,2.256758334191025,11720.0,878.5,0.0,4.47213595499958,0.0,2.0
1617,25,1.1283791670955126,6866.0,878.0,45.00001609038752,0.0,0.0,0.0
1618,25,1.1283791670955126,10690.0,878.0,45.00001609038752,0.0,0.0,0.0
1619,25,1.1283791670955126,10662.0,879.0,45.00001609038752,0.0,0.0,0.0
1620,425,4.652426491681278,10678.70588235294,882.1176470588235,-18.204393793122755,6.664307273439007,3.3753869317295098,12.071067811865476
1621,125,2.5231325220201604,11132.8,880.2,-45.00001609038752,4.0,1.3856406460551023,5.414213562373095
1622,100,2.256758334191025,11141.25,880.0,0.0,2.8284271247461903,1.7320508075688772,4.621320343559642
1623,900,6.770275002573076,11788.333333333334,884.9444444444445,-21.171901259698018,13.500747396905899,4.979111177710366,31.828427124746188
1624,750,6.180387232371033,4197.433333333333,883.3666666666667,-18.827704071742062,8.29683707101696,5.228792632604251,21.071067811865476
1625,50,1.5957691216057308,11144.0,880.5,0.0,2.0,0.0,0.0
1626,25,1.1283791670955126,11151.0,880.0,45.00001609038752,0.0,0.0,0.0
1627,50,1.5957691216057308,6877.0,881.5,0.0,2.0,0.0,0.0
1628,300,3.9088200952233594,11148.0,882.5,-58.28254642828171,6.196598408401052,2.3668899773757,11.242640687119284
1629,1408800,267.86114840513153,553.3484348381602,1016.9928840147643,-10.18420982831884,307.0471356470648,242.45785187235464,979.589970519733
1630,25,1.1283791670955126,6855.0,882.0,45.00001609038752,0.0,0.0,0.0
1631,25,1.1283791670955126,11135.0,882.0,45.00001609038752,0.0,0.0,0.0
1632,25,1.1283791670955126,11140.0,882.0,45.00001609038752,0.0,0.0,0.0
1633,25,1.1283791670955126,11145.0,882.0,45.00001609038752,0.0,0.0,0.0
1634,75,1.9544100476116797,6856.666666666667,883.3333333333334,-45.00001609038752,2.3094010767585034,1.3333333333333333,3.414213562373095
1635,525,5.170882945826411,6865.857142857143,885.6666666666666,-88.20920635612624,8.491293491788747,4.828813101590588,16.65685424949238
1636,25,1.1283791670955126,6876.0,883.0,45.00001609038752,0.0,0.0,0.0
1637,75,1.9544100476116797,11137.0,883.0,90.00003218077504,3.265986323710904,0.0,1.0
1638,34150,41.70425899243664,11747.135431918008,923.2276720351391,8.708034661130327,75.64178685406382,47.24884635958815,311.28531726798843
1639,50,1.5957691216057308,6874.5,884.0,90.00003218077504,2.0,0.0,0.0
1640,25,1.1283791670955126,6858.0,885.0,45.00001609038752,0.0,0.0,0.0
1641,25,1.1283791670955126,6873.0,885.0,45.00001609038752,0.0,0.0,0.0
1642,25,1.1283791670955126,10690.0,885.0,45.00001609038752,0.0,0.0,0.0
1643,25,1.1283791670955126,11727.0,885.0,45.00001609038752,0.0,0.0,0.0
1644,25,1.1283791670955126,6859.0,886.0,45.00001609038752,0.0,0.0,0.0
1645,25,1.1283791670955126,10677.0,886.0,45.00001609038752,0.0,0.0,0.0
1646,25,1.1283791670955126,11728.0,886.0,45.00001609038752,0.0,0.0,0.0
1647,100,2.256758334191025,4194.5,888.5,45.00001609038752,2.0,2.0,4.0
1648,25,1.1283791670955126,10689.0,888.0,45.00001609038752,0.0,0.0,0.0
1649,25,1.1283791670955126,11729.0,888.0,45.00001609038752,0.0,0.0,0.0
1650,25,1.1283791670955126,6862.0,889.0,45.00001609038752,0.0,0.0,0.0
1651,150,2.763953195770684,10290.0,889.5,90.00003218077504,3.265986323710904,2.0,6.0
1652,25,1.1283791670955126,10667.0,889.0,45.00001609038752,0.0,0.0,0.0
1653,25,1.1283791670955126,10688.0,889.0,45.00001609038752,0.0,0.0,0.0
1654,425,4.652426491681278,11733.764705882353,893.2352941176471,45.00001609038752,13.856406460551018,1.4117647058823561,17.414213562373096
1655,50,1.5957691216057308,10669.5,890.0,90.00003218077504,2.0,0.0,0.0
1656,25,1.1283791670955126,10671.0,891.0,45.00001609038752,0.0,0.0,0.0
1657,25,1.1283791670955126,10686.0,891.0,45.00001609038752,0.0,0.0,0.0
1658,50,1.5957691216057308,11157.5,891.0,90.00003218077504,2.0,0.0,0.0
1659,225,3.385137501286538,7980.222222222223,894.2222222222222,45.00001609038752,7.302967433402215,1.405456737852613,9.414213562373096
1660,1050,7.312732791431452,8000.190476190476,894.452380952381,76.39544122426618,26.57975307628692,4.202600518746645,40.03553390593274
1661,25,1.1283791670955126,10685.0,892.0,45.00001609038752,0.0,0.0,0.0
1662,25,1.1283791670955126,11160.0,892.0,45.00001609038752,0.0,0.0,0.0
1663,25,1.1283791670955126,11786.0,892.0,45.00001609038752,0.0,0.0,0.0
1664,25,1.1283791670955126,10683.0,893.0,45.00001609038752,0.0,0.0,0.0
1665,25,1.1283791670955126,11163.0,893.0,45.00001609038752,0.0,0.0,0.0
1666,75,1.9544100476116797,11788.0,894.0,0.0,3.265986323710904,0.0,1.0
1667,25,1.1283791670955126,10684.0,894.0,45.00001609038752,0.0,0.0,0.0
1668,25,1.1283791670955126,7987.0,895.0,45.00001609038752,0.0,0.0,0.0
1669,1200,7.817640190446719,11772.479166666666,904.0416666666666,-47.75516827260011,19.173181757925644,9.470359675780973,41.520815280171306
1670,150,2.763953195770684,7984.5,897.5,18.43495541459913,3.9999999999999996,1.632993161855452,6.414213562373095
1671,25,1.1283791670955126,7986.0,896.0,45.00001609038752,0.0,0.0,0.0
1672,150,2.763953195770684,11161.333333333334,897.5,0.0,3.8297084310253524,1.8856180831641272,6.414213562373095
1673,50,1.5957691216057308,11786.0,896.5,0.0,2.0,0.0,0.0
1674,25,1.1283791670955126,7977.0,897.0,45.00001609038752,0.0,0.0,0.0
1675,50,1.5957691216057308,7975.5,898.0,90.00003218077504,2.0,0.0,0.0
1676,200,3.1915382432114616,8016.5,898.0,90.00003218077504,9.16515138991168,0.0,6.0
1677,75,1.9544100476116797,8023.0,898.0,90.00003218077504,3.265986323710904,0.0,1.0
1678,25,1.1283791670955126,11739.0,898.0,45.00001609038752,0.0,0.0,0.0
1679,100,2.256758334191025,11760.75,898.25,-71.5650767661759,3.4641016151377544,1.4142135623730951,3.2071067811865475
1680,25,1.1283791670955126,11785.0,898.0,45.00001609038752,0.0,0.0,0.0
1681,3700,13.727325035155395,11786.574324324325,910.8648648648649,-15.250435373337645,22.009155336417866,11.221373103198362,80.90559159102153
1682,275,3.742410318509555,7971.909090909091,901.9090909090909,-36.47671407926521,9.041233546019926,1.5346887371851565,11.414213562373096
1683,75,1.9544100476116797,8027.0,899.0,90.00003218077504,3.265986323710904,0.0,1.0
1684,25,1.1283791670955126,11740.0,899.0,45.00001609038752,0.0,0.0,0.0
1685,25,1.1283791670955126,11763.0,899.0,45.00001609038752,0.0,0.0,0.0
1686,50,1.5957691216057308,8029.5,900.0,90.00003218077504,2.0,0.0,0.0
1687,100,2.256758334191025,11742.0,900.5,58.28254642828171,3.23606797749979,1.2360679774997898,4.414213562373095
1688,25,1.1283791670955126,11759.0,900.0,45.00001609038752,0.0,0.0,0.0
1689,100,2.256758334191025,11783.5,901.0,-31.71748575249332,3.23606797749979,1.2360679774997898,4.414213562373095
1690,175,2.985410660720923,8033.571428571428,901.4285714285714,75.9107320879684,6.553504018576144,1.2082004568003004,5.0
1691,425,4.652426491681278,10293.235294117647,903.5882352941177,25.781358472955407,8.914637862494034,2.867879619281748,14.414213562373096
1692,25,1.1283791670955126,11758.0,901.0,45.00001609038752,0.0,0.0,0.0
1693,575,5.4115163798060095,11749.608695652174,904.0,76.3561093239812,13.037559686304668,3.0228048788014936,20.82842712474619
1694,75,1.9544100476116797,11756.666666666666,902.6666666666666,45.00001609038752,2.3094010767585034,1.3333333333333333,3.414213562373095
1695,75,1.9544100476116797,8038.0,903.0,90.00003218077504,3.265986323710904,0.0,1.0
1696,150,2.763953195770684,8041.333333333333,904.8333333333334,66.57621867226437,3.9702144414365588,2.4525853841989633,5.414213562373095
1697,75,1.9544100476116797,11781.333333333334,905.3333333333334,45.00001609038752,2.3094010767585034,1.3333333333333333,3.414213562373095
1698,25,1.1283791670955126,7969.0,906.0,45.00001609038752,0.0,0.0,0.0
1699,25,1.1283791670955126,8045.0,906.0,45.00001609038752,0.0,0.0,0.0
1700,390475,141.0203121866439,4293.537870542288,1001.5388309110698,21.95611974132179,257.52648722216134,104.31049086134907,1306.821463918559
1701,100,2.256758334191025,7967.5,908.0,-31.71748575249332,3.23606797749979,1.2360679774997898,4.414213562373095
1702,25,1.1283791670955126,8046.0,907.0,45.00001609038752,0.0,0.0,0.0
1703,25,1.1283791670955126,8047.0,908.0,45.00001609038752,0.0,0.0,0.0
1704,25,1.1283791670955126,11166.0,908.0,45.00001609038752,0.0,0.0,0.0
1705,50,1.5957691216057308,8048.5,909.0,90.00003218077504,2.0,0.0,0.0
1706,175,2.985410660720923,11167.42857142857,911.0,10.62525655277627,5.318475025615118,1.7495034088044725,7.621320343559642
1707,50,1.5957691216057308,8050.5,910.0,90.00003218077504,2.0,0.0,0.0
1708,25,1.1283791670955126,8052.0,911.0,45.00001609038752,0.0,0.0,0.0
1709,75,1.9544100476116797,7965.0,913.0,0.0,3.265986323710904,0.0,1.0
1710,25,1.1283791670955126,8053.0,912.0,45.00001609038752,0.0,0.0,0.0
1711,25,1.1283791670955126,8054.0,913.0,45.00001609038752,0.0,0.0,0.0
1712,25,1.1283791670955126,8055.0,914.0,45.00001609038752,0.0,0.0,0.0
1713,25,1.1283791670955126,10284.0,914.0,45.00001609038752,0.0,0.0,0.0
1714,2489375,356.0657631210895,6222.875531006779,1164.747617373839,25.226567559635125,534.2582278139635,256.1454112213846,1504.8885271170677
1715,25,1.1283791670955126,8056.0,915.0,45.00001609038752,0.0,0.0,0.0
1716,25,1.1283791670955126,10265.0,915.0,45.00001609038752,0.0,0.0,0.0
1717,25,1.1283791670955126,10285.0,915.0,45.00001609038752,0.0,0.0,0.0
1718,25,1.1283791670955126,11168.0,915.0,45.00001609038752,0.0,0.0,0.0
1719,25,1.1283791670955126,3310.0,916.0,45.00001609038752,0.0,0.0,0.0
1720,50,1.5957691216057308,7964.0,916.5,0.0,2.0,0.0,0.0
1721,25,1.1283791670955126,8057.0,916.0,45.00001609038752,0.0,0.0,0.0
1722,25,1.1283791670955126,8058.0,917.0,45.00001609038752,0.0,0.0,0.0
1723,300,3.9088200952233594,11160.833333333334,919.5833333333334,-51.45032712515122,8.932766603631592,1.910530096462389,11.414213562373096
1724,25,1.1283791670955126,8059.0,918.0,45.00001609038752,0.0,0.0,0.0
1725,100,2.256758334191025,11172.75,918.75,71.5650767661759,3.4641016151377544,1.4142135623730951,3.2071067811865475
1726,50,1.5957691216057308,7963.0,919.5,0.0,2.0,0.0,0.0
1727,25,1.1283791670955126,8060.0,919.0,45.00001609038752,0.0,0.0,0.0
1728,50,1.5957691216057308,8061.0,920.5,0.0,2.0,0.0,0.0
1729,25,1.1283791670955126,11176.0,920.0,45.00001609038752,0.0,0.0,0.0
1730,25,1.1283791670955126,8062.0,922.0,45.00001609038752,0.0,0.0,0.0
1731,25,1.1283791670955126,10302.0,922.0,45.00001609038752,0.0,0.0,0.0
1732,609600,176.20066134615445,6358.464566929134,996.9546423884515,-79.65425194075289,265.1324956893353,125.18914573581024,783.9909447527598
1733,25,1.1283791670955126,11171.0,923.0,45.00001609038752,0.0,0.0,0.0
1734,175,2.985410660720923,11169.42857142857,926.8571428571429,-14.678882020035976,5.133805351608395,1.5423153015346878,6.207106781186548
1735,75,1.9544100476116797,7962.0,929.0,0.0,3.265986323710904,0.0,1.0
1736,50,1.5957691216057308,11156.0,928.5,0.0,2.0,0.0,0.0
1737,25,1.1283791670955126,11168.0,931.0,45.00001609038752,0.0,0.0,0.0
1738,25,1.1283791670955126,3814.0,932.0,45.00001609038752,0.0,0.0,0.0
1739,575,5.4115163798060095,8066.652173913043,936.3478260869565,-6.690955715061718,12.598846528119358,2.671467952103832,18.621320343559642
1740,100,2.256758334191025,11180.5,933.0,-31.71748575249332,3.23606797749979,1.2360679774997898,4.414213562373095
1741,100,2.256758334191025,7962.0,935.5,0.0,4.47213595499958,0.0,2.0
1742,25,1.1283791670955126,8072.0,936.0,45.00001609038752,0.0,0.0,0.0
1743,4052775,454.319420492413,3875.822214408646,1222.0323728803105,21.15872853328621,613.0805336738922,373.44036343743613,3448.4278118292177
1744,25,1.1283791670955126,8073.0,938.0,45.00001609038752,0.0,0.0,0.0
1745,25,1.1283791670955126,11160.0,938.0,45.00001609038752,0.0,0.0,0.0
1746,25,1.1283791670955126,11178.0,938.0,45.00001609038752,0.0,0.0,0.0
1747,25,1.1283791670955126,11161.0,939.0,45.00001609038752,0.0,0.0,0.0
1748,25,1.1283791670955126,11168.0,939.0,45.00001609038752,0.0,0.0,0.0
1749,25,1.1283791670955126,11177.0,939.0,45.00001609038752,0.0,0.0,0.0
1750,50,1.5957691216057308,1490.0,940.5,0.0,2.0,0.0,0.0
1751,75,1.9544100476116797,7962.0,941.0,0.0,3.265986323710904,0.0,1.0
1752,25,1.1283791670955126,8074.0,940.0,45.00001609038752,0.0,0.0,0.0
1753,75,1.9544100476116797,11164.0,940.0,90.00003218077504,3.265986323710904,0.0,1.0
1754,275,3.742410318509555,11173.181818181818,940.3636363636364,87.65980953486893,7.000091071529563,1.904422265109768,10.207106781186548
1755,25,1.1283791670955126,8075.0,942.0,45.00001609038752,0.0,0.0,0.0
1756,12942775,811.8929227086451,4526.719074927903,1455.5945208813412,-32.944578984381245,987.0984829918259,709.6794169126557,4916.3051916579925
1757,75,1.9544100476116797,1478.3333333333333,944.6666666666666,-45.00001609038752,2.3094010767585034,1.3333333333333333,3.414213562373095
1758,25,1.1283791670955126,8076.0,944.0,45.00001609038752,0.0,0.0,0.0
1759,100,2.256758334191025,7963.0,946.5,0.0,4.47213595499958,0.0,2.0
1760,25,1.1283791670955126,3983.0,946.0,45.00001609038752,0.0,0.0,0.0
1761,225,3.385137501286538,6353.888888888889,948.6666666666666,-20.300654581286288,3.885753375057407,2.7954428906961324,8.242640687119284
1762,25,1.1283791670955126,8077.0,947.0,45.00001609038752,0.0,0.0,0.0
1763,50,1.5957691216057308,1463.5,948.0,90.00003218077504,2.0,0.0,0.0
1764,50,1.5957691216057308,9568.0,948.5,0.0,2.0,0.0,0.0
1765,50,1.5957691216057308,8078.0,949.5,0.0,2.0,0.0,0.0
1766,50,1.5957691216057308,1465.5,950.0,90.00003218077504,2.0,0.0,0.0
1767,425,4.652426491681278,1469.235294117647,952.8235294117648,-16.65711893931055,7.7701674966693455,4.270879772215618,14.86396103067893
1768,50,1.5957691216057308,1473.0,950.5,0.0,2.0,0.0,0.0
1769,25,1.1283791670955126,1475.0,950.0,45.00001609038752,0.0,0.0,0.0
1770,50,1.5957691216057308,1477.0,950.5,0.0,2.0,0.0,0.0
1771,50,1.5957691216057308,1466.5,952.0,90.00003218077504,2.0,0.0,0.0
1772,250,3.5682482323055424,1475.6,953.1,-80.69218284895732,4.843508650621465,2.7240455119830576,8.035533905932738
1773,75,1.9544100476116797,7964.0,953.0,0.0,3.265986323710904,0.0,1.0
1774,25,1.1283791670955126,1464.0,953.0,45.00001609038752,0.0,0.0,0.0
1775,25,1.1283791670955126,6833.0,955.0,45.00001609038752,0.0,0.0,0.0
1776,1350,8.291859587312052,8029.425925925926,963.1851851851852,26.927968798285182,17.457591181378444,4.578907312234645,37.59188309203678
1777,25,1.1283791670955126,11692.0,955.0,45.00001609038752,0.0,0.0,0.0
1778,650,5.753627391751592,1461.6153846153845,957.7307692307693,-86.0559146996257,9.171333458091457,3.889633164038487,20.071067811865476
1779,400,4.51351666838205,1474.25,957.3125,78.32003468004366,9.511185995810246,2.44434877893951,15.242640687119286
1780,25,1.1283791670955126,6832.0,956.0,45.00001609038752,0.0,0.0,0.0
1781,25,1.1283791670955126,6834.0,956.0,45.00001609038752,0.0,0.0,0.0
1782,75,1.9544100476116797,8081.0,957.0,0.0,3.265986323710904,0.0,1.0
1783,275,3.742410318509555,6827.636363636364,957.5454545454545,-80.96979298378665,8.146748339360146,1.5462283381328594,9.0
1784,25,1.1283791670955126,6835.0,957.0,45.00001609038752,0.0,0.0,0.0
1785,75,1.9544100476116797,7965.0,958.0,0.0,3.265986323710904,0.0,1.0
1786,175,2.985410660720923,1467.5714285714287,959.1428571428571,-79.09932353989771,3.6486656040768595,2.5058084612197167,7.242640687119286
1787,50,1.5957691216057308,6836.5,958.0,90.00003218077504,2.0,0.0,0.0
1788,100,2.256758334191025,1473.0,959.5,58.28254642828171,3.23606797749979,1.2360679774997898,4.414213562373095
1789,50,1.5957691216057308,6822.5,959.0,90.00003218077504,2.0,0.0,0.0
1790,25,1.1283791670955126,8082.0,959.0,45.00001609038752,0.0,0.0,0.0
1791,25,1.1283791670955126,1457.0,960.0,45.00001609038752,0.0,0.0,0.0
1792,25,1.1283791670955126,6821.0,960.0,45.00001609038752,0.0,0.0,0.0
1793,25,1.1283791670955126,11692.0,960.0,45.00001609038752,0.0,0.0,0.0
1794,25,1.1283791670955126,1477.0,961.0,45.00001609038752,0.0,0.0,0.0
1795,25,1.1283791670955126,6820.0,961.0,45.00001609038752,0.0,0.0,0.0
1796,50,1.5957691216057308,7966.0,961.5,0.0,2.0,0.0,0.0
1797,25,1.1283791670955126,1466.0,962.0,45.00001609038752,0.0,0.0,0.0
1798,25,1.1283791670955126,6819.0,962.0,45.00001609038752,0.0,0.0,0.0
1799,103275,72.52415155864257,3848.0888404744614,1022.7869765190027,-12.681184844108229,105.01231319116573,54.142521327234896,287.27922061357856
1800,3300,12.964089628857149,3886.469696969697,967.5909090909091,74.94646992032732,16.25270668891622,11.105807721059024,47.62741699796952
1801,75,1.9544100476116797,7967.0,965.0,0.0,3.265986323710904,0.0,1.0
1802,125,2.5231325220201604,4686.0,965.0,90.00003218077504,5.656854249492381,0.0,3.0
1803,25,1.1283791670955126,5586.0,965.0,45.00001609038752,0.0,0.0,0.0
1804,50,1.5957691216057308,11702.0,965.5,0.0,2.0,0.0,0.0
1805,25,1.1283791670955126,4679.0,966.0,45.00001609038752,0.0,0.0,0.0
1806,25,1.1283791670955126,4682.0,966.0,45.00001609038752,0.0,0.0,0.0
1807,25,1.1283791670955126,4689.0,966.0,45.00001609038752,0.0,0.0,0.0
1808,50,1.5957691216057308,4695.5,966.0,90.00003218077504,2.0,0.0,0.0
1809,25,1.1283791670955126,5588.0,966.0,45.00001609038752,0.0,0.0,0.0
1810,11003625,748.6053829738725,8412.432768746663,1586.5366299742132,11.284008989430456,1203.4071819949836,491.2125972611172,3876.9090885900996
1811,613625,176.78140350592471,9337.14076186596,1097.307924220819,2.573831133493932,282.89855069115777,112.25645454210083,704.4163056034262
1812,25,1.1283791670955126,4697.0,967.0,45.00001609038752,0.0,0.0,0.0
1813,200,3.1915382432114616,6830.875,967.875,45.00001609038752,3.4641016151377544,2.7386127875258306,7.414213562373095
1814,25,1.1283791670955126,11695.0,967.0,45.00001609038752,0.0,0.0,0.0
1815,175,2.985410660720923,11720.142857142857,967.7142857142857,59.527323334368766,3.582070095417669,2.4713456540351713,6.207106781186548
1816,25,1.1283791670955126,4699.0,968.0,45.00001609038752,0.0,0.0,0.0
1817,25,1.1283791670955126,5910.0,968.0,45.00001609038752,0.0,0.0,0.0
1818,50,1.5957691216057308,6848.0,968.5,0.0,2.0,0.0,0.0
1819,150,2.763953195770684,7968.5,970.0,17.608802780371004,5.404236119112784,1.208676398190789,4.0
1820,50,1.5957691216057308,11712.5,968.0,90.00003218077504,2.0,0.0,0.0
1821,50,1.5957691216057308,11716.5,968.0,90.00003218077504,2.0,0.0,0.0
1822,25,1.1283791670955126,5911.0,969.0,45.00001609038752,0.0,0.0,0.0
1823,25,1.1283791670955126,7379.0,969.0,45.00001609038752,0.0,0.0,0.0
1824,25,1.1283791670955126,11711.0,969.0,45.00001609038752,0.0,0.0,0.0
1825,25,1.1283791670955126,5912.0,970.0,45.00001609038752,0.0,0.0,0.0
1826,25,1.1283791670955126,8035.0,970.0,45.00001609038752,0.0,0.0,0.0
1827,25,1.1283791670955126,11710.0,970.0,45.00001609038752,0.0,0.0,0.0
1828,75,1.9544100476116797,11731.0,970.0,90.00003218077504,3.265986323710904,0.0,1.0
1829,540775,165.9561526191973,11808.755351116453,1102.9911238500301,11.654929302606964,233.78325748515238,126.93283704377798,728.9858941188766
1830,150,2.763953195770684,5908.333333333333,972.3333333333334,45.00001609038752,3.651483716701107,2.1081851067789197,5.414213562373095
1831,25,1.1283791670955126,5913.0,971.0,45.00001609038752,0.0,0.0,0.0
1832,725,6.076507779746499,8034.689655172414,976.8275862068965,20.228701867468914,15.117156079854587,2.5877257425529057,22.65685424949238
1833,25,1.1283791670955126,11729.0,971.0,45.00001609038752,0.0,0.0,0.0
1834,25,1.1283791670955126,11733.0,971.0,45.00001609038752,0.0,0.0,0.0
1835,14750,27.408234736913393,5588.840677966102,1000.0152542372881,32.97163879322159,55.26659827872561,20.529268924653774,191.5391052434009
1836,25,1.1283791670955126,5591.0,972.0,45.00001609038752,0.0,0.0,0.0
1837,50,1.5957691216057308,5914.0,973.5,0.0,2.0,0.0,0.0
1838,75,1.9544100476116797,7970.0,974.0,0.0,3.265986323710904,0.0,1.0
1839,25,1.1283791670955126,11708.0,973.0,45.00001609038752,0.0,0.0,0.0
1840,75,1.9544100476116797,11741.333333333334,973.6666666666666,-45.00001609038752,2.3094010767585034,1.3333333333333333,3.414213562373095
1841,100,2.256758334191025,5592.25,975.0,0.0,2.8284271247461903,1.7320508075688772,4.621320343559642
1842,25,1.1283791670955126,5906.0,974.0,45.00001609038752,0.0,0.0,0.0
1843,50,1.5957691216057308,11707.0,974.5,0.0,2.0,0.0,0.0
1844,275,3.742410318509555,11736.727272727272,976.0,57.65070992653057,7.403439308781969,2.558213889026559,11.828427124746192
1845,25,1.1283791670955126,5913.0,975.0,45.00001609038752,0.0,0.0,0.0
1846,25,1.1283791670955126,11740.0,975.0,45.00001609038752,0.0,0.0,0.0
1847,25,1.1283791670955126,11743.0,975.0,45.00001609038752,0.0,0.0,0.0
1848,25,1.1283791670955126,11748.0,975.0,45.00001609038752,0.0,0.0,0.0
1849,50,1.5957691216057308,5580.0,976.5,0.0,2.0,0.0,0.0
1850,200,3.1915382432114616,5925.375,976.625,-81.3230167600557,5.321869122843981,1.7826129808008924,7.0
1851,25,1.1283791670955126,11730.0,976.0,45.00001609038752,0.0,0.0,0.0
1852,25,1.1283791670955126,11744.0,976.0,45.00001609038752,0.0,0.0,0.0
1853,50,1.5957691216057308,7971.0,977.5,0.0,2.0,0.0,0.0
1854,250,3.5682482323055424,11698.0,978.5,26.565060675788384,4.381780460041329,2.6832815729997477,8.82842712474619
1855,25,1.1283791670955126,5928.0,978.0,45.00001609038752,0.0,0.0,0.0
1856,25,1.1283791670955126,6845.0,978.0,45.00001609038752,0.0,0.0,0.0
1857,50,1.5957691216057308,11706.0,978.5,0.0,2.0,0.0,0.0
1858,25,1.1283791670955126,4210.0,979.0,45.00001609038752,0.0,0.0,0.0
1859,25,1.1283791670955126,6844.0,979.0,45.00001609038752,0.0,0.0,0.0
1860,75,1.9544100476116797,7972.0,980.0,0.0,3.265986323710904,0.0,1.0
1861,25,1.1283791670955126,11737.0,979.0,45.00001609038752,0.0,0.0,0.0
1862,150,2.763953195770684,4207.833333333333,981.3333333333334,-57.75695586557756,4.93861174764721,1.6496136266144528,5.207106781186548
1863,250,3.5682482323055424,4218.5,980.8,90.00003218077504,8.246211251235321,1.6000000000000008,8.0
1864,2775,11.888212206450685,5598.405405405405,991.7927927927927,30.5024686773421,30.705700658671173,5.2062072961162,60.73401871576773
1865,25,1.1283791670955126,5595.0,980.0,45.00001609038752,0.0,0.0,0.0
1866,50,1.5957691216057308,5906.0,980.5,0.0,2.0,0.0,0.0
1867,50,1.5957691216057308,11694.0,980.5,0.0,2.0,0.0,0.0
1868,75,1.9544100476116797,4213.333333333333,981.6666666666666,-45.00001609038752,2.3094010767585034,1.3333333333333333,3.414213562373095
1869,25,1.1283791670955126,5582.0,981.0,45.00001609038752,0.0,0.0,0.0
1870,25,1.1283791670955126,5923.0,981.0,45.00001609038752,0.0,0.0,0.0
1871,25,1.1283791670955126,6842.0,981.0,45.00001609038752,0.0,0.0,0.0
1872,25,1.1283791670955126,5599.0,982.0,45.00001609038752,0.0,0.0,0.0
1873,175,2.985410660720923,5908.285714285715,983.1428571428571,71.5650767661759,4.27617987059879,2.285714285714286,7.414213562373095
1874,25,1.1283791670955126,5911.0,982.0,45.00001609038752,0.0,0.0,0.0
1875,25,1.1283791670955126,6829.0,982.0,45.00001609038752,0.0,0.0,0.0
1876,75,1.9544100476116797,6839.0,982.0,90.00003218077504,3.265986323710904,0.0,1.0
1877,50,1.5957691216057308,7973.0,982.5,0.0,2.0,0.0,0.0
1878,25,1.1283791670955126,11742.0,982.0,45.00001609038752,0.0,0.0,0.0
1879,50,1.5957691216057308,4204.5,983.0,90.00003218077504,2.0,0.0,0.0
1880,550,5.292567428401227,5924.590909090909,984.7272727272727,-75.38171789404133,9.721850964099046,4.325361756860831,19.035533905932738
1881,50,1.5957691216057308,11707.0,983.5,0.0,2.0,0.0,0.0
1882,150,2.763953195770684,4200.0,984.5,-72.39122940040403,5.404236119112784,1.208676398190789,4.0
1883,50,1.5957691216057308,4226.5,984.0,90.00003218077504,2.0,0.0,0.0
1884,50,1.5957691216057308,4239.5,984.0,90.00003218077504,2.0,0.0,0.0
1885,75,1.9544100476116797,8038.666666666667,984.6666666666666,45.00001609038752,2.3094010767585034,1.3333333333333333,3.414213562373095
1886,50,1.5957691216057308,11741.0,984.5,0.0,2.0,0.0,0.0
1887,25,1.1283791670955126,4242.0,985.0,45.00001609038752,0.0,0.0,0.0
1888,25,1.1283791670955126,7974.0,985.0,45.00001609038752,0.0,0.0,0.0
1889,50,1.5957691216057308,11708.0,985.5,0.0,2.0,0.0,0.0
1890,25,1.1283791670955126,4197.0,986.0,45.00001609038752,0.0,0.0,0.0
1891,50,1.5957691216057308,4245.5,986.0,90.00003218077504,2.0,0.0,0.0
1892,1993275,318.6167951337143,3559.893755252035,1165.2059299394214,14.890204736719108,384.89097070584984,280.63155865772154,1231.5077554195743
1893,25,1.1283791670955126,4195.0,987.0,45.00001609038752,0.0,0.0,0.0
1894,50,1.5957691216057308,4247.5,987.0,90.00003218077504,2.0,0.0,0.0
1895,25,1.1283791670955126,4690.0,987.0,45.00001609038752,0.0,0.0,0.0
1896,25,1.1283791670955126,7975.0,987.0,45.00001609038752,0.0,0.0,0.0
1897,25,1.1283791670955126,11709.0,987.0,45.00001609038752,0.0,0.0,0.0
1898,25,1.1283791670955126,4249.0,988.0,45.00001609038752,0.0,0.0,0.0
1899,25,1.1283791670955126,4695.0,988.0,45.00001609038752,0.0,0.0,0.0
1900,325,4.068428945128219,11726.538461538461,989.3846153846154,-88.68549076792297,6.586387424005248,2.495790086631248,10.414213562373096
1901,25,1.1283791670955126,4251.0,989.0,45.00001609038752,0.0,0.0,0.0
1902,50,1.5957691216057308,7976.0,989.5,0.0,2.0,0.0,0.0
1903,25,1.1283791670955126,11710.0,989.0,45.00001609038752,0.0,0.0,0.0
1904,25,1.1283791670955126,4191.0,990.0,45.00001609038752,0.0,0.0,0.0
1905,25,1.1283791670955126,4253.0,990.0,45.00001609038752,0.0,0.0,0.0
1906,25,1.1283791670955126,11712.0,990.0,45.00001609038752,0.0,0.0,0.0
1907,25,1.1283791670955126,4190.0,991.0,45.00001609038752,0.0,0.0,0.0
1908,25,1.1283791670955126,4254.0,991.0,45.00001609038752,0.0,0.0,0.0
1909,50,1.5957691216057308,11713.5,991.0,90.00003218077504,2.0,0.0,0.0
1910,25,1.1283791670955126,11723.0,991.0,45.00001609038752,0.0,0.0,0.0
1911,25,1.1283791670955126,11730.0,991.0,45.00001609038752,0.0,0.0,0.0
1912,75,1.9544100476116797,4188.333333333333,992.3333333333334,45.00001609038752,2.3094010767585034,1.3333333333333333,3.414213562373095
1913,25,1.1283791670955126,4255.0,992.0,45.00001609038752,0.0,0.0,0.0
1914,25,1.1283791670955126,7977.0,992.0,45.00001609038752,0.0,0.0,0.0
1915,25,1.1283791670955126,8085.0,993.0,45.00001609038752,0.0,0.0,0.0
1916,25,1.1283791670955126,4258.0,994.0,45.00001609038752,0.0,0.0,0.0
1917,300,3.9088200952233594,5580.166666666667,997.0833333333334,33.755234598592594,8.069680035469759,2.234138589311752,11.414213562373096
1918,25,1.1283791670955126,7978.0,994.0,45.00001609038752,0.0,0.0,0.0
1919,25,1.1283791670955126,4259.0,995.0,45.00001609038752,0.0,0.0,0.0
1920,50,1.5957691216057308,7979.0,995.5,0.0,2.0,0.0,0.0
1921,25,1.1283791670955126,11745.0,995.0,45.00001609038752,0.0,0.0,0.0
1922,25,1.1283791670955126,4260.0,996.0,45.00001609038752,0.0,0.0,0.0
1923,25,1.1283791670955126,4261.0,997.0,45.00001609038752,0.0,0.0,0.0
1924,75,1.9544100476116797,7980.0,998.0,0.0,3.265986323710904,0.0,1.0
1925,25,1.1283791670955126,4262.0,998.0,45.00001609038752,0.0,0.0,0.0
1926,525,5.170882945826411,6809.952380952381,1001.1428571428571,7.342044290222514,6.71063013851916,4.486473099933246,15.449747468305832
1927,100,2.256758334191025,1469.0,999.5,-58.28254642828171,3.23606797749979,1.2360679774997898,4.414213562373095
1928,25,1.1283791670955126,4183.0,999.0,45.00001609038752,0.0,0.0,0.0
1929,25,1.1283791670955126,4263.0,999.0,45.00001609038752,0.0,0.0,0.0
1930,25,1.1283791670955126,6806.0,999.0,45.00001609038752,0.0,0.0,0.0
1931,150,2.763953195770684,1464.8333333333333,1000.6666666666666,75.34502340521284,5.545131758410893,1.3022896092295921,5.207106781186548
1932,25,1.1283791670955126,1475.0,1000.0,45.00001609038752,0.0,0.0,0.0
1933,25,1.1283791670955126,4182.0,1000.0,45.00001609038752,0.0,0.0,0.0
1934,25,1.1283791670955126,6804.0,1000.0,45.00001609038752,0.0,0.0,0.0
1935,100,2.256758334191025,6819.5,1000.0,90.00003218077504,4.47213595499958,0.0,2.0
1936,25,1.1283791670955126,7981.0,1000.0,45.00001609038752,0.0,0.0,0.0
1937,25,1.1283791670955126,6803.0,1001.0,45.00001609038752,0.0,0.0,0.0
1938,25,1.1283791670955126,6823.0,1001.0,45.00001609038752,0.0,0.0,0.0
1939,100,2.256758334191025,7982.5,1002.0,31.71748575249332,3.23606797749979,1.2360679774997898,4.414213562373095
1940,25,1.1283791670955126,4265.0,1002.0,45.00001609038752,0.0,0.0,0.0
1941,25,1.1283791670955126,5608.0,1002.0,45.00001609038752,0.0,0.0,0.0
1942,25,1.1283791670955126,5612.0,1002.0,45.00001609038752,0.0,0.0,0.0
1943,25,1.1283791670955126,6824.0,1002.0,45.00001609038752,0.0,0.0,0.0
1944,25,1.1283791670955126,4180.0,1003.0,45.00001609038752,0.0,0.0,0.0
1945,25,1.1283791670955126,4266.0,1003.0,45.00001609038752,0.0,0.0,0.0
1946,25,1.1283791670955126,6801.0,1003.0,45.00001609038752,0.0,0.0,0.0
1947,25,1.1283791670955126,6825.0,1003.0,45.00001609038752,0.0,0.0,0.0
1948,25,1.1283791670955126,5613.0,1004.0,45.00001609038752,0.0,0.0,0.0
1949,50,1.5957691216057308,7984.0,1004.5,0.0,2.0,0.0,0.0
1950,25,1.1283791670955126,4179.0,1005.0,45.00001609038752,0.0,0.0,0.0
1951,25,1.1283791670955126,6800.0,1005.0,45.00001609038752,0.0,0.0,0.0
1952,50,1.5957691216057308,8082.0,1005.5,0.0,2.0,0.0,0.0
1953,25,1.1283791670955126,4268.0,1006.0,45.00001609038752,0.0,0.0,0.0
1954,175,2.985410660720923,5614.285714285715,1007.5714285714286,18.434955414599138,3.7032803990902057,2.68023757704196,7.621320343559642
1955,25,1.1283791670955126,7985.0,1006.0,45.00001609038752,0.0,0.0,0.0
1956,25,1.1283791670955126,7986.0,1007.0,45.00001609038752,0.0,0.0,0.0
1957,150,2.763953195770684,6798.833333333333,1010.1666666666666,-4.731162795706489,5.39192040212807,1.4276923647012265,5.414213562373095
1958,50,1.5957691216057308,7987.0,1008.5,0.0,2.0,0.0,0.0
1959,25,1.1283791670955126,8081.0,1008.0,45.00001609038752,0.0,0.0,0.0
1960,25,1.1283791670955126,7988.0,1010.0,45.00001609038752,0.0,0.0,0.0
1961,25,1.1283791670955126,8080.0,1010.0,45.00001609038752,0.0,0.0,0.0
1962,50,1.5957691216057308,5572.0,1011.5,0.0,2.0,0.0,0.0
1963,25,1.1283791670955126,5616.0,1011.0,45.00001609038752,0.0,0.0,0.0
1964,25,1.1283791670955126,4176.0,1012.0,45.00001609038752,0.0,0.0,0.0
1965,125,2.5231325220201604,7990.2,1012.8,-45.00001609038752,4.0,1.3856406460551023,5.414213562373095
1966,25,1.1283791670955126,8079.0,1012.0,45.00001609038752,0.0,0.0,0.0
1967,25,1.1283791670955126,4175.0,1014.0,45.00001609038752,0.0,0.0,0.0
1968,25,1.1283791670955126,5571.0,1014.0,45.00001609038752,0.0,0.0,0.0
1969,500,5.046265044040321,5573.45,1017.1,7.226877667321759,7.94113987810213,3.3374087907261343,15.65685424949238
1970,25,1.1283791670955126,8078.0,1014.0,45.00001609038752,0.0,0.0,0.0
1971,825,6.4820448144285745,5615.181818181818,1022.1515151515151,-17.690239865357515,14.591416032177221,2.956314875537253,25.485281374238568
1972,25,1.1283791670955126,7992.0,1015.0,45.00001609038752,0.0,0.0,0.0
1973,25,1.1283791670955126,7993.0,1016.0,45.00001609038752,0.0,0.0,0.0
1974,25,1.1283791670955126,4273.0,1017.0,45.00001609038752,0.0,0.0,0.0
1975,400,4.51351666838205,4275.8125,1021.0,23.410583896497617,10.177744390243703,2.2025029232359348,16.621320343559642
1976,400,4.51351666838205,6811.9375,1019.625,40.71915373111028,7.824558964622886,3.9324009217194056,12.82842712474619
1977,100,2.256758334191025,7995.0,1017.5,58.28254642828171,3.23606797749979,1.2360679774997898,4.414213562373095
1978,25,1.1283791670955126,6826.0,1018.0,45.00001609038752,0.0,0.0,0.0
1979,25,1.1283791670955126,8075.0,1018.0,45.00001609038752,0.0,0.0,0.0
1980,25,1.1283791670955126,5587.0,1019.0,45.00001609038752,0.0,0.0,0.0
1981,25,1.1283791670955126,5588.0,1020.0,45.00001609038752,0.0,0.0,0.0
1982,25,1.1283791670955126,6803.0,1020.0,45.00001609038752,0.0,0.0,0.0
1983,25,1.1283791670955126,6824.0,1020.0,45.00001609038752,0.0,0.0,0.0
1984,25,1.1283791670955126,7998.0,1020.0,45.00001609038752,0.0,0.0,0.0
1985,25,1.1283791670955126,8074.0,1020.0,45.00001609038752,0.0,0.0,0.0
1986,25,1.1283791670955126,5589.0,1021.0,45.00001609038752,0.0,0.0,0.0
1987,50,1.5957691216057308,6805.5,1021.0,90.00003218077504,2.0,0.0,0.0
1988,150,2.763953195770684,6821.0,1021.5,-72.39122940040403,5.404236119112784,1.208676398190789,4.0
1989,150,2.763953195770684,8000.5,1022.0,50.30984562706919,4.8496611975202075,1.3468925727763872,6.414213562373095
1990,25,1.1283791670955126,8073.0,1021.0,45.00001609038752,0.0,0.0,0.0
1991,75,1.9544100476116797,5569.333333333333,1022.3333333333334,45.00001609038752,2.3094010767585034,1.3333333333333333,3.414213562373095
1992,1075,7.399277020331919,5584.139534883721,1027.0232558139535,-85.09524123554235,19.22217853723126,8.47715151574717,38.10660171779821
1993,425,4.652426491681278,5603.705882352941,1024.3529411764705,73.99733485474421,5.136766916581405,4.485400311692753,13.485281374238571
1994,25,1.1283791670955126,11747.0,1022.0,45.00001609038752,0.0,0.0,0.0
1995,10364550,726.541256182602,1530.845439502921,1469.3818134892495,23.18720412719088,915.8525054625744,624.1338043890735,3603.4663043279807
1996,225,3.385137501286538,8069.222222222223,1024.888888888889,-54.412374465028435,6.331939252313137,1.833939865010015,9.414213562373096
1997,25,1.1283791670955126,11746.0,1023.0,45.00001609038752,0.0,0.0,0.0
1998,75,1.9544100476116797,4330.0,1024.0,90.00003218077504,3.265986323710904,0.0,1.0
1999,25,1.1283791670955126,5568.0,1024.0,45.00001609038752,0.0,0.0,0.0
2000,50,1.5957691216057308,8003.5,1024.0,90.00003218077504,2.0,0.0,0.0
2001,25,1.1283791670955126,11742.0,1024.0,45.00001609038752,0.0,0.0,0.0
2002,600,5.527906391541368,4335.916666666667,1026.6666666666667,61.69793910258645,9.021861546502857,3.922217741726089,19.449747468305834
2003,125,2.5231325220201604,4340.8,1026.2,-45.00001609038752,4.0,1.3856406460551023,5.414213562373095
2004,25,1.1283791670955126,5567.0,1025.0,45.00001609038752,0.0,0.0,0.0
2005,25,1.1283791670955126,8005.0,1025.0,45.00001609038752,0.0,0.0,0.0
2006,50,1.5957691216057308,11757.5,1025.0,90.00003218077504,2.0,0.0,0.0
2007,750,6.180387232371033,4329.233333333334,1029.0333333333333,85.96026453920165,12.705737269735717,4.3598950534265395,24.65685424949238
2008,25,1.1283791670955126,8006.0,1026.0,45.00001609038752,0.0,0.0,0.0
2009,25,1.1283791670955126,11738.0,1026.0,45.00001609038752,0.0,0.0,0.0
2010,50,1.5957691216057308,11760.5,1026.0,90.00003218077504,2.0,0.0,0.0
2011,25,1.1283791670955126,8008.0,1027.0,45.00001609038752,0.0,0.0,0.0
2012,25,1.1283791670955126,8066.0,1027.0,45.00001609038752,0.0,0.0,0.0
2013,25,1.1283791670955126,4323.0,1028.0,45.00001609038752,0.0,0.0,0.0
2014,50,1.5957691216057308,8010.5,1028.0,90.00003218077504,2.0,0.0,0.0
2015,25,1.1283791670955126,8065.0,1028.0,45.00001609038752,0.0,0.0,0.0
2016,25,1.1283791670955126,11736.0,1028.0,45.00001609038752,0.0,0.0,0.0
2017,25,1.1283791670955126,4171.0,1029.0,45.00001609038752,0.0,0.0,0.0
2018,75,1.9544100476116797,8013.0,1029.0,90.00003218077504,3.265986323710904,0.0,1.0
2019,25,1.1283791670955126,11735.0,1029.0,45.00001609038752,0.0,0.0,0.0
2020,25,1.1283791670955126,11765.0,1029.0,45.00001609038752,0.0,0.0,0.0
2021,25,1.1283791670955126,4280.0,1030.0,45.00001609038752,0.0,0.0,0.0
2022,50,1.5957691216057308,8016.5,1030.0,90.00003218077504,2.0,0.0,0.0
2023,25,1.1283791670955126,8019.0,1031.0,45.00001609038752,0.0,0.0,0.0
2024,375,4.370193722368317,8060.333333333333,1032.2666666666667,-69.86781649973338,6.6229004262183215,3.123294370080243,11.242640687119284
2025,25,1.1283791670955126,4331.0,1032.0,45.00001609038752,0.0,0.0,0.0
2026,25,1.1283791670955126,5612.0,1032.0,45.00001609038752,0.0,0.0,0.0
2027,50,1.5957691216057308,8024.5,1032.0,90.00003218077504,2.0,0.0,0.0
2028,25,1.1283791670955126,8015.0,1033.0,45.00001609038752,0.0,0.0,0.0
2029,25,1.1283791670955126,8038.0,1033.0,45.00001609038752,0.0,0.0,0.0
2030,25,1.1283791670955126,4170.0,1034.0,45.00001609038752,0.0,0.0,0.0
2031,250,3.5682482323055424,8043.1,1034.9,60.23279399681105,5.030614257045722,2.5244643385891408,9.035533905932738
2032,150,2.763953195770684,8050.666666666667,1034.1666666666667,-82.53432092223639,6.011486661777879,1.2805490592103137,5.207106781186548
2033,25,1.1283791670955126,4282.0,1035.0,45.00001609038752,0.0,0.0,0.0
2034,14318900,853.9646296447722,5232.044614111419,1921.8205413823687,8.709353601043079,1602.080719668656,522.6491160770596,7578.4435021371155
2035,125,2.5231325220201604,655.0,1037.0,90.00003218077504,5.656854249492381,0.0,3.0
2036,25,1.1283791670955126,651.0,1038.0,45.00001609038752,0.0,0.0,0.0
2037,25,1.1283791670955126,663.0,1038.0,45.00001609038752,0.0,0.0,0.0
2038,25,1.1283791670955126,649.0,1040.0,45.00001609038752,0.0,0.0,0.0
2039,75,1.9544100476116797,4331.666666666667,1040.6666666666667,45.00001609038752,2.3094010767585034,1.3333333333333333,3.414213562373095
2040,4479275,477.62705374564354,6511.997767495856,1370.72451456988,3.6815567841306085,591.8418191447784,409.728909717606,1867.6915216036482
2041,25,1.1283791670955126,648.0,1041.0,45.00001609038752,0.0,0.0,0.0
2042,25,1.1283791670955126,4284.0,1043.0,45.00001609038752,0.0,0.0,0.0
2043,225,3.385137501286538,4328.777777777777,1045.5555555555557,85.26886938506854,5.274258481434536,1.946056459258261,9.207106781186548
2044,18302250,965.4666945602863,10811.536897102815,1709.174291412258,-13.571556944076063,1331.4882978877242,722.6079927090545,4141.008547632961
2045,25,1.1283791670955126,4285.0,1046.0,45.00001609038752,0.0,0.0,0.0
2046,75,1.9544100476116797,4169.0,1049.0,0.0,3.265986323710904,0.0,1.0
2047,125,2.5231325220201604,4286.6,1049.4,20.99361375446966,4.34169545110285,1.2765894445250698,4.207106781186548
2048,525,5.170882945826411,4217.380952380952,1052.2380952380952,26.46246218885156,7.5751191322455345,4.573002811368755,17.86396103067893
2049,50,1.5957691216057308,8249.5,1049.0,90.00003218077504,2.0,0.0,0.0
2050,25,1.1283791670955126,11765.0,1051.0,45.00001609038752,0.0,0.0,0.0
2051,175,2.985410660720923,4218.714285714285,1058.2857142857142,10.822221439994207,6.78001993402216,1.3056795479815277,6.207106781186548
2052,25,1.1283791670955126,4221.0,1056.0,45.00001609038752,0.0,0.0,0.0
2053,25,1.1283791670955126,11759.0,1057.0,45.00001609038752,0.0,0.0,0.0
2054,25,1.1283791670955126,666.0,1058.0,45.00001609038752,0.0,0.0,0.0
2055,25,1.1283791670955126,11746.0,1058.0,45.00001609038752,0.0,0.0,0.0
2056,50,1.5957691216057308,11755.5,1058.0,90.00003218077504,2.0,0.0,0.0
2057,25,1.1283791670955126,665.0,1059.0,45.00001609038752,0.0,0.0,0.0
2058,25,1.1283791670955126,11747.0,1059.0,45.00001609038752,0.0,0.0,0.0
2059,25,1.1283791670955126,11752.0,1059.0,45.00001609038752,0.0,0.0,0.0
2060,25,1.1283791670955126,649.0,1060.0,45.00001609038752,0.0,0.0,0.0
2061,25,1.1283791670955126,664.0,1060.0,45.00001609038752,0.0,0.0,0.0
2062,25,1.1283791670955126,651.0,1061.0,45.00001609038752,0.0,0.0,0.0
2063,25,1.1283791670955126,660.0,1062.0,45.00001609038752,0.0,0.0,0.0
2064,550,5.292567428401227,4219.227272727273,1064.8636363636363,2.6163949601234537,7.169012216698917,4.9570360080981875,19.071067811865476
2065,800,6.383076486422923,4168.0,1079.5,0.0,36.932370625238775,0.0,30.0
2066,25,1.1283791670955126,4289.0,1064.0,45.00001609038752,0.0,0.0,0.0
2067,25,1.1283791670955126,8481.0,1065.0,45.00001609038752,0.0,0.0,0.0
2068,25,1.1283791670955126,8470.0,1066.0,45.00001609038752,0.0,0.0,0.0
2069,25,1.1283791670955126,8483.0,1066.0,45.00001609038752,0.0,0.0,0.0
2070,25,1.1283791670955126,11217.0,1066.0,45.00001609038752,0.0,0.0,0.0
2071,25,1.1283791670955126,8468.0,1067.0,45.00001609038752,0.0,0.0,0.0
2072,25,1.1283791670955126,8484.0,1067.0,45.00001609038752,0.0,0.0,0.0
2073,25,1.1283791670955126,11218.0,1067.0,45.00001609038752,0.0,0.0,0.0
2074,75,1.9544100476116797,4290.0,1070.0,0.0,3.265986323710904,0.0,1.0
2075,25,1.1283791670955126,4541.0,1072.0,45.00001609038752,0.0,0.0,0.0
2076,50,1.5957691216057308,4545.0,1073.5,0.0,2.0,0.0,0.0
2077,50,1.5957691216057308,4566.5,1073.0,90.00003218077504,2.0,0.0,0.0
2078,75,1.9544100476116797,4536.333333333333,1074.3333333333333,45.00001609038752,2.3094010767585034,1.3333333333333333,3.414213562373095
2079,100,2.256758334191025,4538.75,1075.0,0.0,2.8284271247461903,1.7320508075688772,4.621320343559642
2080,275,3.742410318509555,4542.545454545455,1075.7272727272727,19.978781609108392,5.686465265734384,2.6085644805840964,9.242640687119286
2081,25,1.1283791670955126,4547.0,1074.0,45.00001609038752,0.0,0.0,0.0
2082,100,2.256758334191025,4563.5,1074.5,45.00001609038752,2.0,2.0,4.0
2083,50,1.5957691216057308,4579.5,1074.0,90.00003218077504,2.0,0.0,0.0
2084,50,1.5957691216057308,4532.5,1075.0,90.00003218077504,2.0,0.0,0.0
2085,25,1.1283791670955126,11748.0,1077.0,45.00001609038752,0.0,0.0,0.0
2086,600,5.527906391541368,4547.166666666667,1080.6666666666667,-89.14766771649653,9.357995847791855,3.5878068728897374,19.27817459305202
2087,275,3.742410318509555,8045.454545454545,1081.0,-38.42124236804721,5.33289697394648,2.7435655658345057,10.449747468305834
2088,100,2.256758334191025,8478.5,1079.5,45.00001609038752,2.0,2.0,4.0
2089,200,3.1915382432114616,11218.375,1082.25,-22.263253931171537,5.105913757626162,2.163248644905131,7.449747468305833
2090,25,1.1283791670955126,11741.0,1080.0,45.00001609038752,0.0,0.0,0.0
2091,25,1.1283791670955126,5614.0,1081.0,45.00001609038752,0.0,0.0,0.0
2092,25,1.1283791670955126,5618.0,1081.0,45.00001609038752,0.0,0.0,0.0
2093,25,1.1283791670955126,11740.0,1081.0,45.00001609038752,0.0,0.0,0.0
2094,25,1.1283791670955126,4552.0,1082.0,45.00001609038752,0.0,0.0,0.0
2095,50,1.5957691216057308,5606.5,1082.0,90.00003218077504,2.0,0.0,0.0
2096,25,1.1283791670955126,5619.0,1082.0,45.00001609038752,0.0,0.0,0.0
2097,25,1.1283791670955126,4541.0,1083.0,45.00001609038752,0.0,0.0,0.0
2098,25,1.1283791670955126,5620.0,1083.0,45.00001609038752,0.0,0.0,0.0
2099,50,1.5957691216057308,5622.5,1083.0,90.00003218077504,2.0,0.0,0.0
2100,25,1.1283791670955126,11746.0,1083.0,45.00001609038752,0.0,0.0,0.0
2101,25,1.1283791670955126,156.0,1084.0,45.00001609038752,0.0,0.0,0.0
2102,25,1.1283791670955126,5600.0,1084.0,45.00001609038752,0.0,0.0,0.0
2103,25,1.1283791670955126,5624.0,1084.0,45.00001609038752,0.0,0.0,0.0
2104,25,1.1283791670955126,11745.0,1084.0,45.00001609038752,0.0,0.0,0.0
2105,50,1.5957691216057308,153.5,1085.0,90.00003218077504,2.0,0.0,0.0
2106,50,1.5957691216057308,5598.5,1085.0,90.00003218077504,2.0,0.0,0.0
2107,50,1.5957691216057308,5630.5,1085.0,90.00003218077504,2.0,0.0,0.0
2108,25,1.1283791670955126,149.0,1086.0,45.00001609038752,0.0,0.0,0.0
2109,25,1.1283791670955126,447.0,1086.0,45.00001609038752,0.0,0.0,0.0
2110,25,1.1283791670955126,5597.0,1086.0,45.00001609038752,0.0,0.0,0.0
2111,25,1.1283791670955126,5633.0,1086.0,45.00001609038752,0.0,0.0,0.0
2112,450,4.787307364817192,11747.055555555555,1088.888888888889,8.849612481455138,7.485727834717964,2.933573604525831,13.621320343559642
2113,75,1.9544100476116797,147.0,1087.0,90.00003218077504,3.265986323710904,0.0,1.0
2114,50,1.5957691216057308,4293.0,1087.5,0.0,2.0,0.0,0.0
2115,25,1.1283791670955126,5635.0,1087.0,45.00001609038752,0.0,0.0,0.0
2116,25,1.1283791670955126,5593.0,1088.0,45.00001609038752,0.0,0.0,0.0
2117,25,1.1283791670955126,5637.0,1088.0,45.00001609038752,0.0,0.0,0.0
2118,25,1.1283791670955126,5639.0,1089.0,45.00001609038752,0.0,0.0,0.0
2119,50,1.5957691216057308,154.0,1090.5,0.0,2.0,0.0,0.0
2120,25,1.1283791670955126,5590.0,1090.0,45.00001609038752,0.0,0.0,0.0
2121,25,1.1283791670955126,5640.0,1090.0,45.00001609038752,0.0,0.0,0.0
2122,25,1.1283791670955126,5557.0,1091.0,45.00001609038752,0.0,0.0,0.0
2123,25,1.1283791670955126,5589.0,1091.0,45.00001609038752,0.0,0.0,0.0
2124,25,1.1283791670955126,5641.0,1091.0,45.00001609038752,0.0,0.0,0.0
2125,1800,9.574614729634384,5552.666666666667,1096.388888888889,-86.19110758551959,14.629045083294084,7.804141221035326,39.55634918610404
2126,50,1.5957691216057308,5558.5,1092.0,90.00003218077504,2.0,0.0,0.0
2127,25,1.1283791670955126,5588.0,1092.0,45.00001609038752,0.0,0.0,0.0
2128,25,1.1283791670955126,5642.0,1092.0,45.00001609038752,0.0,0.0,0.0
2129,50,1.5957691216057308,5560.0,1093.5,0.0,2.0,0.0,0.0
2130,25,1.1283791670955126,5587.0,1093.0,45.00001609038752,0.0,0.0,0.0
2131,25,1.1283791670955126,5643.0,1093.0,45.00001609038752,0.0,0.0,0.0
2132,50,1.5957691216057308,5584.0,1095.5,0.0,2.0,0.0,0.0
2133,25,1.1283791670955126,1756.0,1097.0,45.00001609038752,0.0,0.0,0.0
2134,25,1.1283791670955126,4295.0,1098.0,45.00001609038752,0.0,0.0,0.0
2135,75,1.9544100476116797,4168.0,1100.0,0.0,3.265986323710904,0.0,1.0
2136,25,1.1283791670955126,5583.0,1099.0,45.00001609038752,0.0,0.0,0.0
2137,25,1.1283791670955126,5544.0,1100.0,45.00001609038752,0.0,0.0,0.0
2138,25,1.1283791670955126,5541.0,1101.0,45.00001609038752,0.0,0.0,0.0
2139,25,1.1283791670955126,5545.0,1101.0,45.00001609038752,0.0,0.0,0.0
2140,50,1.5957691216057308,5553.0,1102.5,0.0,2.0,0.0,0.0
2141,25,1.1283791670955126,5560.0,1102.0,45.00001609038752,0.0,0.0,0.0
2142,3150,12.666024736934256,5544.928571428572,1109.2142857142858,86.41490781424181,23.35563007612971,10.594238989000358,70.49137802864846
2143,25,1.1283791670955126,6532.0,1103.0,45.00001609038752,0.0,0.0,0.0
2144,100,2.256758334191025,174.5,1104.5,45.00001609038752,2.0,2.0,4.0
2145,450,4.787307364817192,4169.277777777777,1108.4444444444443,18.066440598787413,9.699109492739309,2.70369952051572,12.242640687119284
2146,25,1.1283791670955126,6535.0,1104.0,45.00001609038752,0.0,0.0,0.0
2147,25,1.1283791670955126,144.0,1105.0,45.00001609038752,0.0,0.0,0.0
2148,50,1.5957691216057308,170.5,1105.0,90.00003218077504,2.0,0.0,0.0
2149,50,1.5957691216057308,4171.5,1105.0,90.00003218077504,2.0,0.0,0.0
2150,25,1.1283791670955126,6536.0,1105.0,45.00001609038752,0.0,0.0,0.0
2151,25,1.1283791670955126,168.0,1106.0,45.00001609038752,0.0,0.0,0.0
2152,25,1.1283791670955126,176.0,1106.0,45.00001609038752,0.0,0.0,0.0
2153,25,1.1283791670955126,4296.0,1106.0,45.00001609038752,0.0,0.0,0.0
2154,75,1.9544100476116797,6539.0,1106.0,90.00003218077504,3.265986323710904,0.0,1.0
2155,25,1.1283791670955126,167.0,1107.0,45.00001609038752,0.0,0.0,0.0
2156,25,1.1283791670955126,5562.0,1107.0,45.00001609038752,0.0,0.0,0.0
2157,50,1.5957691216057308,186.5,1108.0,90.00003218077504,2.0,0.0,0.0
2158,25,1.1283791670955126,190.0,1108.0,45.00001609038752,0.0,0.0,0.0
2159,25,1.1283791670955126,4296.0,1108.0,45.00001609038752,0.0,0.0,0.0
2160,1161600,243.22788122782018,5471.225206611571,1251.4033445247933,-37.846761562817846,319.48806320020753,196.9693743050827,990.4589821842953
2161,25,1.1283791670955126,6524.0,1108.0,45.00001609038752,0.0,0.0,0.0
2162,50,1.5957691216057308,164.5,1109.0,90.00003218077504,2.0,0.0,0.0
2163,25,1.1283791670955126,185.0,1109.0,45.00001609038752,0.0,0.0,0.0
2164,25,1.1283791670955126,191.0,1109.0,45.00001609038752,0.0,0.0,0.0
2165,100,2.256758334191025,4297.5,1110.0,31.71748575249332,3.23606797749979,1.2360679774997898,4.414213562373095
2166,225,3.385137501286538,5561.111111111111,1110.888888888889,-11.9812487713528,4.0171906061502325,2.8906758369544234,8.414213562373096
2167,25,1.1283791670955126,192.0,1110.0,45.00001609038752,0.0,0.0,0.0
2168,25,1.1283791670955126,7410.0,1111.0,45.00001609038752,0.0,0.0,0.0
2169,150,2.763953195770684,5579.666666666667,1113.5,0.0,3.8297084310253524,1.8856180831641272,6.414213562373095
2170,175,2.985410660720923,6536.428571428572,1113.7142857142858,8.349625102522488,4.155374705678736,1.9054711331003737,7.207106781186548
2171,100,2.256758334191025,7407.5,1112.0,90.00003218077504,4.47213595499958,0.0,2.0
2172,25,1.1283791670955126,7403.0,1113.0,45.00001609038752,0.0,0.0,0.0
2173,25,1.1283791670955126,194.0,1114.0,45.00001609038752,0.0,0.0,0.0
2174,50,1.5957691216057308,5557.0,1114.5,0.0,2.0,0.0,0.0
2175,25,1.1283791670955126,195.0,1115.0,45.00001609038752,0.0,0.0,0.0
2176,150,2.763953195770684,4167.833333333333,1115.8333333333333,-45.00001609038752,3.126943839882286,2.309401076758503,6.242640687119286
2177,50,1.5957691216057308,6521.0,1115.5,0.0,2.0,0.0,0.0
2178,25,1.1283791670955126,7397.0,1116.0,45.00001609038752,0.0,0.0,0.0
2179,25,1.1283791670955126,6522.0,1117.0,45.00001609038752,0.0,0.0,0.0
2180,25,1.1283791670955126,7396.0,1117.0,45.00001609038752,0.0,0.0,0.0
2181,25,1.1283791670955126,4299.0,1118.0,45.00001609038752,0.0,0.0,0.0
2182,125,2.5231325220201604,5576.0,1120.0,0.0,5.656854249492381,0.0,3.0
2183,50,1.5957691216057308,6523.0,1118.5,0.0,2.0,0.0,0.0
2184,25,1.1283791670955126,7395.0,1118.0,45.00001609038752,0.0,0.0,0.0
2185,25,1.1283791670955126,4170.0,1119.0,45.00001609038752,0.0,0.0,0.0
2186,50,1.5957691216057308,4170.0,1121.5,0.0,2.0,0.0,0.0
2187,450,4.787307364817192,5618.166666666667,1124.2777777777778,7.980061515336266,7.817698605293069,2.8836933405323992,14.242640687119284
2188,25,1.1283791670955126,7433.0,1121.0,45.00001609038752,0.0,0.0,0.0
2189,125,2.5231325220201604,180.6,1122.8,18.43495541459913,3.098386676965933,1.7888543819998317,5.207106781186548
2190,25,1.1283791670955126,7392.0,1122.0,45.00001609038752,0.0,0.0,0.0
2191,25,1.1283791670955126,163.0,1124.0,45.00001609038752,0.0,0.0,0.0
2192,25,1.1283791670955126,7391.0,1124.0,45.00001609038752,0.0,0.0,0.0
2193,25,1.1283791670955126,164.0,1126.0,45.00001609038752,0.0,0.0,0.0
2194,100,2.256758334191025,6533.5,1126.0,90.00003218077504,4.47213595499958,0.0,2.0
2195,25,1.1283791670955126,7437.0,1126.0,45.00001609038752,0.0,0.0,0.0
2196,25,1.1283791670955126,165.0,1127.0,45.00001609038752,0.0,0.0,0.0
2197,100,2.256758334191025,4301.0,1128.5,0.0,4.47213595499958,0.0,2.0
2198,50,1.5957691216057308,6538.5,1127.0,90.00003218077504,2.0,0.0,0.0
2199,125,2.5231325220201604,166.8,1129.2,-45.00001609038752,4.0,1.3856406460551023,5.414213562373095
2200,250,3.5682482323055424,179.6,1129.3,-68.50732388969074,5.409630511621193,2.5953608087772726,8.621320343559642
2201,50,1.5957691216057308,3682.0,1128.5,0.0,2.0,0.0,0.0
2202,175,2.985410660720923,4171.0,1131.0,0.0,8.0,0.0,5.0
2203,5064325,507.86214103399766,11764.343105942056,1532.6440739881425,20.035267425143374,880.0289027010266,327.2583212410821,2606.2692988145614
2204,25,1.1283791670955126,9931.0,1129.0,45.00001609038752,0.0,0.0,0.0
2205,100,2.256758334191025,5576.75,1131.0,0.0,2.8284271247461903,1.7320508075688772,4.621320343559642
2206,25,1.1283791670955126,11731.0,1130.0,45.00001609038752,0.0,0.0,0.0
2207,25,1.1283791670955126,11740.0,1130.0,45.00001609038752,0.0,0.0,0.0
2208,25,1.1283791670955126,11891.0,1130.0,45.00001609038752,0.0,0.0,0.0
2209,50,1.5957691216057308,170.5,1131.0,90.00003218077504,2.0,0.0,0.0
2210,25,1.1283791670955126,176.0,1131.0,45.00001609038752,0.0,0.0,0.0
2211,25,1.1283791670955126,182.0,1131.0,45.00001609038752,0.0,0.0,0.0
2212,700,5.970821321441846,11737.57142857143,1134.4285714285713,-12.881575027633096,8.715861725045553,5.386403830629548,23.692388155425117
2213,175,2.985410660720923,187.85714285714286,1132.4285714285713,-75.32115016073907,5.133805351608395,1.5423153015346878,6.207106781186548
2214,25,1.1283791670955126,193.0,1132.0,45.00001609038752,0.0,0.0,0.0
2215,100,2.256758334191025,4302.0,1133.5,0.0,4.47213595499958,0.0,2.0
2216,125,2.5231325220201604,4172.0,1137.0,0.0,5.656854249492381,0.0,3.0
2217,25,1.1283791670955126,3678.0,1136.0,45.00001609038752,0.0,0.0,0.0
2218,25,1.1283791670955126,3690.0,1136.0,45.00001609038752,0.0,0.0,0.0
2219,50,1.5957691216057308,7387.0,1136.5,0.0,2.0,0.0,0.0
2220,75,1.9544100476116797,4303.0,1139.0,0.0,3.265986323710904,0.0,1.0
2221,75,1.9544100476116797,11896.0,1139.0,0.0,3.265986323710904,0.0,1.0
2222,250,3.5682482323055424,11731.4,1140.7,10.304850153409875,5.138093031466052,2.529822128134704,8.82842712474619
2223,25,1.1283791670955126,11887.0,1140.0,45.00001609038752,0.0,0.0,0.0
2224,600,5.527906391541368,11735.041666666666,1145.9166666666667,-12.218877777437449,10.922805472795972,3.6359453215410342,21.106601717798213
2225,50,1.5957691216057308,4173.0,1142.5,0.0,2.0,0.0,0.0
2226,375,4.370193722368317,7411.866666666667,1145.2,5.54894394665052,6.751222246472308,2.810080734479522,12.242640687119284
2227,25,1.1283791670955126,7445.0,1142.0,45.00001609038752,0.0,0.0,0.0
2228,1219800,249.2466727294831,11352.062059353992,1251.89352762748,71.88992208770847,295.6853656750573,214.53161224311114,1009.3757210636102
2229,25,1.1283791670955126,11900.0,1145.0,45.00001609038752,0.0,0.0,0.0
2230,161650,90.73459591719998,11197.81255799567,1239.985462418806,-9.126158144592159,153.56970711864898,59.784309691323806,440.19700551341987
2231,25,1.1283791670955126,11896.0,1146.0,45.00001609038752,0.0,0.0,0.0
2232,25,1.1283791670955126,11899.0,1146.0,45.00001609038752,0.0,0.0,0.0
2233,150,2.763953195770684,4174.333333333333,1149.1666666666667,14.655008775562198,5.545131758410893,1.3022896092295921,5.207106781186548
2234,25,1.1283791670955126,11738.0,1147.0,45.00001609038752,0.0,0.0,0.0
2235,50,1.5957691216057308,4177.0,1150.5,0.0,2.0,0.0,0.0
2236,25,1.1283791670955126,5583.0,1152.0,45.00001609038752,0.0,0.0,0.0
2237,75,1.9544100476116797,11736.0,1153.0,0.0,3.265986323710904,0.0,1.0
2238,475,4.918490759365935,4302.736842105263,1156.6315789473683,-49.590714701595054,8.576438845181467,3.7566323698977024,18.106601717798213
2239,25,1.1283791670955126,11724.0,1154.0,45.00001609038752,0.0,0.0,0.0
2240,75,1.9544100476116797,4176.0,1156.0,0.0,3.265986323710904,0.0,1.0
2241,25,1.1283791670955126,5649.0,1156.0,45.00001609038752,0.0,0.0,0.0
2242,2658100,367.93466995435676,8026.889168955268,1418.1561359617772,32.19641636733638,833.0343669641924,256.2437381481705,2033.3799051457163
2243,2998700,390.79730924341493,10157.725689465435,1379.1395354653682,9.785439158694185,447.4258544114705,353.8368293958853,1406.5260453828039
2244,50,1.5957691216057308,4305.0,1159.5,0.0,2.0,0.0,0.0
2245,500,5.046265044040321,11737.05,1161.0,-71.65600519495864,7.707406043286139,4.068893225917376,17.27817459305202
2246,25,1.1283791670955126,5588.0,1160.0,45.00001609038752,0.0,0.0,0.0
2247,25,1.1283791670955126,5646.0,1160.0,45.00001609038752,0.0,0.0,0.0
2248,25,1.1283791670955126,7387.0,1160.0,45.00001609038752,0.0,0.0,0.0
2249,25,1.1283791670955126,7452.0,1160.0,45.00001609038752,0.0,0.0,0.0
2250,25,1.1283791670955126,11730.0,1160.0,45.00001609038752,0.0,0.0,0.0
2251,50,1.5957691216057308,4177.0,1161.5,0.0,2.0,0.0,0.0
2252,25,1.1283791670955126,5589.0,1161.0,45.00001609038752,0.0,0.0,0.0
2253,25,1.1283791670955126,11729.0,1161.0,45.00001609038752,0.0,0.0,0.0
2254,200,3.1915382432114616,4305.0,1165.5,0.0,9.16515138991168,0.0,6.0
2255,25,1.1283791670955126,5590.0,1162.0,45.00001609038752,0.0,0.0,0.0
2256,25,1.1283791670955126,5645.0,1162.0,45.00001609038752,0.0,0.0,0.0
2257,25,1.1283791670955126,7388.0,1162.0,45.00001609038752,0.0,0.0,0.0
2258,25,1.1283791670955126,11730.0,1162.0,45.00001609038752,0.0,0.0,0.0
2259,25,1.1283791670955126,3682.0,1163.0,45.00001609038752,0.0,0.0,0.0
2260,900,6.770275002573076,4180.416666666667,1171.4444444444443,12.995286261383077,20.50273099219911,2.814599878988509,31.656854249492383
2261,25,1.1283791670955126,5591.0,1163.0,45.00001609038752,0.0,0.0,0.0
2262,25,1.1283791670955126,5644.0,1163.0,45.00001609038752,0.0,0.0,0.0
2263,25,1.1283791670955126,5592.0,1164.0,45.00001609038752,0.0,0.0,0.0
2264,75,1.9544100476116797,11738.333333333334,1164.6666666666667,-45.00001609038752,2.3094010767585034,1.3333333333333333,3.414213562373095
2265,100,2.256758334191025,11731.0,1165.5,58.28254642828171,3.23606797749979,1.2360679774997898,4.414213562373095
2266,50,1.5957691216057308,11735.0,1165.5,0.0,2.0,0.0,0.0
2267,25,1.1283791670955126,3677.0,1166.0,45.00001609038752,0.0,0.0,0.0
2268,25,1.1283791670955126,3688.0,1166.0,45.00001609038752,0.0,0.0,0.0
2269,25,1.1283791670955126,3676.0,1167.0,45.00001609038752,0.0,0.0,0.0
2270,25,1.1283791670955126,5639.0,1167.0,45.00001609038752,0.0,0.0,0.0
2271,25,1.1283791670955126,7388.0,1167.0,45.00001609038752,0.0,0.0,0.0
2272,100,2.256758334191025,11729.25,1168.0,0.0,2.8284271247461903,1.7320508075688772,4.621320343559642
2273,150,2.763953195770684,4023.0,1169.5,-39.69018655370586,4.8496611975202075,1.3468925727763872,6.414213562373095
2274,656300,182.82528416055447,5638.916958707908,1302.8260703946366,18.22940389004267,249.34059309890236,141.536556661663,703.3696244092002
2275,25,1.1283791670955126,5636.0,1169.0,45.00001609038752,0.0,0.0,0.0
2276,4279075,466.8313402027596,9000.097824880377,1426.9274083768105,-13.19904671230162,572.8192266715301,398.8182080465385,1909.4570696119915
2277,525,5.170882945826411,11733.52380952381,1172.7142857142858,13.558148051428848,8.196566130744474,3.6352986995368197,16.65685424949238
2278,25,1.1283791670955126,5634.0,1170.0,45.00001609038752,0.0,0.0,0.0
2279,25,1.1283791670955126,4025.0,1171.0,45.00001609038752,0.0,0.0,0.0
2280,50,1.5957691216057308,5631.5,1171.0,90.00003218077504,2.0,0.0,0.0
2281,25,1.1283791670955126,4024.0,1172.0,45.00001609038752,0.0,0.0,0.0
2282,25,1.1283791670955126,4030.0,1172.0,45.00001609038752,0.0,0.0,0.0
2283,25,1.1283791670955126,4032.0,1172.0,45.00001609038752,0.0,0.0,0.0
2284,50,1.5957691216057308,5627.5,1172.0,90.00003218077504,2.0,0.0,0.0
2285,50,1.5957691216057308,4020.5,1173.0,90.00003218077504,2.0,0.0,0.0
2286,75,1.9544100476116797,4027.3333333333335,1173.6666666666667,-45.00001609038752,2.3094010767585034,1.3333333333333333,3.414213562373095
2287,25,1.1283791670955126,4029.0,1173.0,45.00001609038752,0.0,0.0,0.0
2288,25,1.1283791670955126,4033.0,1173.0,45.00001609038752,0.0,0.0,0.0
2289,25,1.1283791670955126,4018.0,1174.0,45.00001609038752,0.0,0.0,0.0
2290,25,1.1283791670955126,4034.0,1174.0,45.00001609038752,0.0,0.0,0.0
2291,25,1.1283791670955126,4017.0,1175.0,45.00001609038752,0.0,0.0,0.0
2292,50,1.5957691216057308,4036.5,1175.0,90.00003218077504,2.0,0.0,0.0
2293,50,1.5957691216057308,4043.5,1175.0,90.00003218077504,2.0,0.0,0.0
2294,25,1.1283791670955126,4016.0,1176.0,45.00001609038752,0.0,0.0,0.0
2295,25,1.1283791670955126,4047.0,1176.0,45.00001609038752,0.0,0.0,0.0
2296,9861025,708.6733233760689,3106.677541127824,1615.5364731353993,-25.502243793566407,1036.4258960433597,561.0975354772158,2968.0075016124347
2297,25,1.1283791670955126,3677.0,1177.0,45.00001609038752,0.0,0.0,0.0
2298,25,1.1283791670955126,4015.0,1177.0,45.00001609038752,0.0,0.0,0.0
2299,75,1.9544100476116797,4172.0,1178.0,0.0,3.265986323710904,0.0,1.0
2300,25,1.1283791670955126,7391.0,1177.0,45.00001609038752,0.0,0.0,0.0
2301,25,1.1283791670955126,3689.0,1178.0,45.00001609038752,0.0,0.0,0.0
2302,25,1.1283791670955126,4051.0,1178.0,45.00001609038752,0.0,0.0,0.0
2303,475,4.918490759365935,1238.3157894736842,1181.578947368421,-56.16754323836792,9.965663022536926,2.722374385365352,16.071067811865476
2304,25,1.1283791670955126,3688.0,1179.0,45.00001609038752,0.0,0.0,0.0
2305,25,1.1283791670955126,3687.0,1180.0,45.00001609038752,0.0,0.0,0.0
2306,25,1.1283791670955126,4012.0,1180.0,45.00001609038752,0.0,0.0,0.0
2307,25,1.1283791670955126,7392.0,1180.0,45.00001609038752,0.0,0.0,0.0
2308,25,1.1283791670955126,4055.0,1181.0,45.00001609038752,0.0,0.0,0.0
2309,75,1.9544100476116797,4184.0,1182.0,0.0,3.265986323710904,0.0,1.0
2310,25,1.1283791670955126,4010.0,1183.0,45.00001609038752,0.0,0.0,0.0
2311,25,1.1283791670955126,7394.0,1184.0,45.00001609038752,0.0,0.0,0.0
2312,25,1.1283791670955126,1233.0,1185.0,45.00001609038752,0.0,0.0,0.0
2313,25,1.1283791670955126,4185.0,1185.0,45.00001609038752,0.0,0.0,0.0
2314,25,1.1283791670955126,7430.0,1185.0,45.00001609038752,0.0,0.0,0.0
2315,125,2.5231325220201604,623.2,1186.4,71.5650767661759,3.098386676965933,1.7888543819998317,5.207106781186548
2316,25,1.1283791670955126,7395.0,1186.0,45.00001609038752,0.0,0.0,0.0
2317,25,1.1283791670955126,7396.0,1187.0,45.00001609038752,0.0,0.0,0.0
2318,25,1.1283791670955126,1231.0,1188.0,45.00001609038752,0.0,0.0,0.0
2319,50,1.5957691216057308,1242.5,1188.0,90.00003218077504,2.0,0.0,0.0
2320,875,6.6755811781245455,1248.5142857142857,1192.0,18.44197351832939,12.2949334701326,8.115412317773025,24.899494936611667
2321,25,1.1283791670955126,1241.0,1189.0,45.00001609038752,0.0,0.0,0.0
2322,50,1.5957691216057308,4187.0,1189.5,0.0,2.0,0.0,0.0
2323,50,1.5957691216057308,4302.0,1189.5,0.0,2.0,0.0,0.0
2324,25,1.1283791670955126,4061.0,1190.0,45.00001609038752,0.0,0.0,0.0
2325,1350,8.291859587312052,1243.7037037037037,1199.1296296296296,11.07572139505165,17.255817860044214,4.230432358173744,34.10660171779821
2326,25,1.1283791670955126,4062.0,1191.0,45.00001609038752,0.0,0.0,0.0
2327,50,1.5957691216057308,4188.0,1191.5,0.0,2.0,0.0,0.0
2328,150,2.763953195770684,7400.5,1192.0,50.30984562706919,4.8496611975202075,1.3468925727763872,6.414213562373095
2329,25,1.1283791670955126,1230.0,1192.0,45.00001609038752,0.0,0.0,0.0
2330,25,1.1283791670955126,4189.0,1193.0,45.00001609038752,0.0,0.0,0.0
2331,25,1.1283791670955126,4301.0,1193.0,45.00001609038752,0.0,0.0,0.0
2332,1145325,241.51795639859165,7643.8586427433265,1298.027175692489,84.93020304601146,281.81719525704136,210.1973579242341,852.6660889654818
2333,25,1.1283791670955126,7403.0,1194.0,45.00001609038752,0.0,0.0,0.0
2334,150,2.763953195770684,542.6666666666666,1196.5,0.0,3.8297084310253524,1.8856180831641272,6.414213562373095
2335,50,1.5957691216057308,4046.5,1195.0,90.00003218077504,2.0,0.0,0.0
2336,25,1.1283791670955126,4190.0,1195.0,45.00001609038752,0.0,0.0,0.0
2337,25,1.1283791670955126,7404.0,1195.0,45.00001609038752,0.0,0.0,0.0
2338,25,1.1283791670955126,4300.0,1196.0,45.00001609038752,0.0,0.0,0.0
2339,25,1.1283791670955126,7406.0,1196.0,45.00001609038752,0.0,0.0,0.0
2340,25,1.1283791670955126,7432.0,1196.0,45.00001609038752,0.0,0.0,0.0
2341,192900,99.1176892748036,519.542509072058,1264.7365215137377,-20.638100863155035,128.3613620877515,86.39174539986381,452.67009357883876
2342,75,1.9544100476116797,1253.6666666666667,1197.3333333333333,-45.00001609038752,2.3094010767585034,1.3333333333333333,3.414213562373095
2343,25,1.1283791670955126,2952.0,1197.0,45.00001609038752,0.0,0.0,0.0
2344,25,1.1283791670955126,4191.0,1197.0,45.00001609038752,0.0,0.0,0.0
2345,25,1.1283791670955126,7408.0,1197.0,45.00001609038752,0.0,0.0,0.0
2346,50,1.5957691216057308,1231.0,1198.5,0.0,2.0,0.0,0.0
2347,150,2.763953195770684,2955.1666666666665,1198.3333333333333,-77.06684915928662,4.363338213437162,1.65500979239906,5.0
2348,25,1.1283791670955126,4192.0,1198.0,45.00001609038752,0.0,0.0,0.0
2349,25,1.1283791670955126,2945.0,1199.0,45.00001609038752,0.0,0.0,0.0
2350,575,5.4115163798060095,1252.391304347826,1202.7391304347825,-7.15368111810426,6.387059951761504,5.611844595690183,18.071067811865476
2351,25,1.1283791670955126,1256.0,1200.0,45.00001609038752,0.0,0.0,0.0
2352,25,1.1283791670955126,4193.0,1200.0,45.00001609038752,0.0,0.0,0.0
2353,50,1.5957691216057308,4298.0,1200.5,0.0,2.0,0.0,0.0
2354,50,1.5957691216057308,1232.0,1201.5,0.0,2.0,0.0,0.0
2355,25,1.1283791670955126,7418.0,1201.0,45.00001609038752,0.0,0.0,0.0
2356,25,1.1283791670955126,7420.0,1202.0,45.00001609038752,0.0,0.0,0.0
2357,50,1.5957691216057308,1233.0,1203.5,0.0,2.0,0.0,0.0
2358,25,1.1283791670955126,4297.0,1203.0,45.00001609038752,0.0,0.0,0.0
2359,25,1.1283791670955126,4196.0,1204.0,45.00001609038752,0.0,0.0,0.0
2360,125,2.5231325220201604,1234.0,1207.0,0.0,5.656854249492381,0.0,3.0
2361,125,2.5231325220201604,1257.4,1205.4,-69.00641842630537,4.34169545110285,1.2765894445250698,4.207106781186548
2362,25,1.1283791670955126,4197.0,1205.0,45.00001609038752,0.0,0.0,0.0
2363,25,1.1283791670955126,1260.0,1206.0,45.00001609038752,0.0,0.0,0.0
2364,150,2.763953195770684,4199.0,1207.5,39.69018655370586,4.8496611975202075,1.3468925727763872,6.414213562373095
2365,50,1.5957691216057308,4295.0,1206.5,0.0,2.0,0.0,0.0
2366,754175,195.98422728889602,9399.712202075116,1346.8024994198959,14.64091693405796,259.09170308104166,153.7544129004637,755.2173875177025
2367,25,1.1283791670955126,1248.0,1207.0,45.00001609038752,0.0,0.0,0.0
2368,25,1.1283791670955126,1255.0,1207.0,45.00001609038752,0.0,0.0,0.0
2369,25,1.1283791670955126,1262.0,1207.0,45.00001609038752,0.0,0.0,0.0
2370,25,1.1283791670955126,1247.0,1208.0,45.00001609038752,0.0,0.0,0.0
2371,25,1.1283791670955126,1254.0,1208.0,45.00001609038752,0.0,0.0,0.0
2372,25,1.1283791670955126,1263.0,1208.0,45.00001609038752,0.0,0.0,0.0
2373,50,1.5957691216057308,4294.0,1208.5,0.0,2.0,0.0,0.0
2374,75,1.9544100476116797,1252.0,1209.0,90.00003218077504,3.265986323710904,0.0,1.0
2375,1025,7.225151993843567,4050.3658536585367,1212.5853658536585,18.909814823340824,9.06660489754105,6.516542430247044,24.727922061357855
2376,25,1.1283791670955126,1265.0,1210.0,45.00001609038752,0.0,0.0,0.0
2377,25,1.1283791670955126,4201.0,1210.0,45.00001609038752,0.0,0.0,0.0
2378,25,1.1283791670955126,4293.0,1210.0,45.00001609038752,0.0,0.0,0.0
2379,25,1.1283791670955126,1236.0,1211.0,45.00001609038752,0.0,0.0,0.0
2380,25,1.1283791670955126,4202.0,1211.0,45.00001609038752,0.0,0.0,0.0
2381,25,1.1283791670955126,4292.0,1211.0,45.00001609038752,0.0,0.0,0.0
2382,25,1.1283791670955126,545.0,1212.0,45.00001609038752,0.0,0.0,0.0
2383,25,1.1283791670955126,4203.0,1212.0,45.00001609038752,0.0,0.0,0.0
2384,25,1.1283791670955126,4204.0,1213.0,45.00001609038752,0.0,0.0,0.0
2385,25,1.1283791670955126,4290.0,1213.0,45.00001609038752,0.0,0.0,0.0
2386,200,3.1915382432114616,1233.0,1217.5,0.0,9.16515138991168,0.0,6.0
2387,25,1.1283791670955126,4205.0,1214.0,45.00001609038752,0.0,0.0,0.0
2388,25,1.1283791670955126,1251.0,1215.0,45.00001609038752,0.0,0.0,0.0
2389,100,2.256758334191025,4207.0,1215.5,58.28254642828171,3.23606797749979,1.2360679774997898,4.414213562373095
2390,175,2.985410660720923,4286.428571428572,1217.4285714285713,-53.82508135587857,5.719243150226765,1.5986131211250625,7.414213562373095
2391,100,2.256758334191025,2958.5,1217.5,45.00001609038752,2.0,2.0,4.0
2392,25,1.1283791670955126,4007.0,1217.0,45.00001609038752,0.0,0.0,0.0
2393,25,1.1283791670955126,4209.0,1217.0,45.00001609038752,0.0,0.0,0.0
2394,250,3.5682482323055424,1251.5,1220.0,0.0,5.656854249492381,2.0,10.0
2395,25,1.1283791670955126,4210.0,1218.0,45.00001609038752,0.0,0.0,0.0
2396,25,1.1283791670955126,4211.0,1219.0,45.00001609038752,0.0,0.0,0.0
2397,225,3.385137501286538,4279.888888888889,1221.4444444444443,2.7201669881366475,5.032046364179385,2.9417372470573153,7.414213562373095
2398,75,1.9544100476116797,4212.666666666667,1220.3333333333333,-45.00001609038752,2.3094010767585034,1.3333333333333333,3.414213562373095
2399,325,4.068428945128219,4218.307692307692,1222.2307692307693,-42.78368106356089,5.816825351447916,3.0555098533450877,10.65685424949238
2400,25,1.1283791670955126,548.0,1221.0,45.00001609038752,0.0,0.0,0.0
2401,25,1.1283791670955126,4008.0,1221.0,45.00001609038752,0.0,0.0,0.0
2402,50,1.5957691216057308,4214.5,1222.0,90.00003218077504,2.0,0.0,0.0
2403,25,1.1283791670955126,4221.0,1223.0,45.00001609038752,0.0,0.0,0.0
2404,175,2.985410660720923,1233.857142857143,1226.142857142857,31.98521534100606,5.795253355551202,1.5275489818370205,6.207106781186548
2405,50,1.5957691216057308,4222.5,1224.0,90.00003218077504,2.0,0.0,0.0
2406,25,1.1283791670955126,4278.0,1224.0,45.00001609038752,0.0,0.0,0.0
2407,25,1.1283791670955126,4224.0,1225.0,45.00001609038752,0.0,0.0,0.0
2408,25,1.1283791670955126,2963.0,1226.0,45.00001609038752,0.0,0.0,0.0
2409,25,1.1283791670955126,4010.0,1226.0,45.00001609038752,0.0,0.0,0.0
2410,50,1.5957691216057308,4225.5,1226.0,90.00003218077504,2.0,0.0,0.0
2411,25,1.1283791670955126,4277.0,1226.0,45.00001609038752,0.0,0.0,0.0
2412,15725,28.299605538565682,4266.408585055644,1242.6263910969794,-87.49548259702973,37.90768353023917,24.238050495304744,119.56244584051392
2413,25,1.1283791670955126,5663.0,1226.0,45.00001609038752,0.0,0.0,0.0
2414,25,1.1283791670955126,2962.0,1227.0,45.00001609038752,0.0,0.0,0.0
2415,25,1.1283791670955126,4069.0,1227.0,45.00001609038752,0.0,0.0,0.0
2416,75,1.9544100476116797,4228.0,1227.0,90.00003218077504,3.265986323710904,0.0,1.0
2417,225,3.385137501286538,4272.0,1228.0,-67.50002413558127,7.88478847722791,1.3528158298061022,7.0
2418,25,1.1283791670955126,5664.0,1227.0,45.00001609038752,0.0,0.0,0.0
2419,452525,151.81208449675927,7450.343516932766,1322.0883929064692,7.786639195248167,194.64948357016002,120.25781481728062,560.8183258569795
2420,125,2.5231325220201604,4233.0,1228.0,90.00003218077504,5.656854249492381,0.0,3.0
2421,125,2.5231325220201604,5660.6,1229.2,-18.43495541459913,3.098386676965933,1.7888543819998317,5.207106781186548
2422,25,1.1283791670955126,5665.0,1228.0,45.00001609038752,0.0,0.0,0.0
2423,25,1.1283791670955126,4011.0,1229.0,45.00001609038752,0.0,0.0,0.0
2424,25,1.1283791670955126,4241.0,1229.0,45.00001609038752,0.0,0.0,0.0
2425,25,1.1283791670955126,5669.0,1229.0,45.00001609038752,0.0,0.0,0.0
2426,25,1.1283791670955126,1236.0,1230.0,45.00001609038752,0.0,0.0,0.0
2427,25,1.1283791670955126,4242.0,1230.0,45.00001609038752,0.0,0.0,0.0
2428,625,5.641895835477563,4254.92,1230.88,87.56569715863891,22.360432439893305,2.4327476443246567,23.207106781186546
2429,25,1.1283791670955126,4268.0,1230.0,45.00001609038752,0.0,0.0,0.0
2430,100,2.256758334191025,5671.25,1231.25,18.43495541459913,3.4641016151377544,1.4142135623730951,3.2071067811865475
2431,25,1.1283791670955126,4243.0,1231.0,45.00001609038752,0.0,0.0,0.0
2432,25,1.1283791670955126,1238.0,1233.0,45.00001609038752,0.0,0.0,0.0
2433,25,1.1283791670955126,1266.0,1233.0,45.00001609038752,0.0,0.0,0.0
2434,25,1.1283791670955126,1240.0,1235.0,45.00001609038752,0.0,0.0,0.0
2435,25,1.1283791670955126,1264.0,1235.0,45.00001609038752,0.0,0.0,0.0
2436,25,1.1283791670955126,1241.0,1236.0,45.00001609038752,0.0,0.0,0.0
2437,25,1.1283791670955126,1263.0,1236.0,45.00001609038752,0.0,0.0,0.0
2438,25,1.1283791670955126,4014.0,1236.0,45.00001609038752,0.0,0.0,0.0
2439,50,1.5957691216057308,1227.5,1237.0,90.00003218077504,2.0,0.0,0.0
2440,25,1.1283791670955126,1243.0,1237.0,45.00001609038752,0.0,0.0,0.0
2441,25,1.1283791670955126,1262.0,1237.0,45.00001609038752,0.0,0.0,0.0
2442,25,1.1283791670955126,1254.0,1238.0,45.00001609038752,0.0,0.0,0.0
2443,50,1.5957691216057308,1259.5,1238.0,90.00003218077504,2.0,0.0,0.0
2444,25,1.1283791670955126,4015.0,1238.0,45.00001609038752,0.0,0.0,0.0
2445,75,1.9544100476116797,1256.0,1239.0,90.00003218077504,3.265986323710904,0.0,1.0
2446,100,2.256758334191025,1234.75,1243.25,-18.43495541459913,3.4641016151377544,1.4142135623730951,3.2071067811865475
2447,175,2.985410660720923,1231.2857142857142,1245.142857142857,4.30782563240559,4.99392736656725,1.772659614960501,6.207106781186548
2448,25,1.1283791670955126,4018.0,1243.0,45.00001609038752,0.0,0.0,0.0
2449,25,1.1283791670955126,5659.0,1243.0,45.00001609038752,0.0,0.0,0.0
2450,25,1.1283791670955126,4019.0,1244.0,45.00001609038752,0.0,0.0,0.0
2451,1981600,317.68232445933774,7242.306217198224,1387.872060456197,-72.92440808384089,342.1595774992145,298.04375669640604,1109.9036790187179
2452,25,1.1283791670955126,4065.0,1245.0,45.00001609038752,0.0,0.0,0.0
2453,25,1.1283791670955126,4020.0,1246.0,45.00001609038752,0.0,0.0,0.0
2454,25,1.1283791670955126,5686.0,1246.0,45.00001609038752,0.0,0.0,0.0
2455,25,1.1283791670955126,4021.0,1247.0,45.00001609038752,0.0,0.0,0.0
2456,25,1.1283791670955126,4064.0,1247.0,45.00001609038752,0.0,0.0,0.0
2457,25,1.1283791670955126,4022.0,1248.0,45.00001609038752,0.0,0.0,0.0
2458,300,3.9088200952233594,4043.5,1249.5,90.00003218077504,4.47213595499958,3.8297084310253524,11.242640687119284
2459,25,1.1283791670955126,5670.0,1248.0,45.00001609038752,0.0,0.0,0.0
2460,50,1.5957691216057308,461.5,1249.0,90.00003218077504,2.0,0.0,0.0
2461,275,3.742410318509555,481.09090909090907,1251.0,90.00003218077504,5.244438218856711,4.177863742936748,10.449747468305834
2462,25,1.1283791670955126,4023.0,1249.0,45.00001609038752,0.0,0.0,0.0
2463,25,1.1283791670955126,4063.0,1249.0,45.00001609038752,0.0,0.0,0.0
2464,25,1.1283791670955126,5691.0,1249.0,45.00001609038752,0.0,0.0,0.0
2465,50,1.5957691216057308,11810.5,1249.0,90.00003218077504,2.0,0.0,0.0
2466,25,1.1283791670955126,460.0,1250.0,45.00001609038752,0.0,0.0,0.0
2467,25,1.1283791670955126,463.0,1250.0,45.00001609038752,0.0,0.0,0.0
2468,75,1.9544100476116797,4024.3333333333335,1250.6666666666667,-45.00001609038752,2.3094010767585034,1.3333333333333333,3.414213562373095
2469,25,1.1283791670955126,11809.0,1250.0,45.00001609038752,0.0,0.0,0.0
2470,25,1.1283791670955126,11813.0,1250.0,45.00001609038752,0.0,0.0,0.0
2471,25,1.1283791670955126,11816.0,1250.0,45.00001609038752,0.0,0.0,0.0
2472,25,1.1283791670955126,11806.0,1251.0,45.00001609038752,0.0,0.0,0.0
2473,25,1.1283791670955126,4026.0,1252.0,45.00001609038752,0.0,0.0,0.0
2474,25,1.1283791670955126,4061.0,1252.0,45.00001609038752,0.0,0.0,0.0
2475,25,1.1283791670955126,11804.0,1252.0,45.00001609038752,0.0,0.0,0.0
2476,25,1.1283791670955126,4027.0,1253.0,45.00001609038752,0.0,0.0,0.0
2477,175,2.985410660720923,4043.5714285714284,1254.2857142857142,8.34962510252249,4.155374705678736,1.9054711331003737,7.207106781186548
2478,175,2.985410660720923,4058.1428571428573,1254.142857142857,-58.014816839768976,5.795253355551202,1.5275489818370205,6.207106781186548
2479,25,1.1283791670955126,5693.0,1253.0,45.00001609038752,0.0,0.0,0.0
2480,25,1.1283791670955126,11803.0,1253.0,45.00001609038752,0.0,0.0,0.0
2481,50,1.5957691216057308,479.0,1254.5,0.0,2.0,0.0,0.0
2482,25,1.1283791670955126,4028.0,1254.0,45.00001609038752,0.0,0.0,0.0
2483,25,1.1283791670955126,4040.0,1254.0,45.00001609038752,0.0,0.0,0.0
2484,225,3.385137501286538,4032.5555555555557,1256.0,73.31684321493682,6.534746659966205,1.9784766970267311,9.414213562373096
2485,100,2.256758334191025,4037.5,1255.0,90.00003218077504,4.47213595499958,0.0,2.0
2486,75,1.9544100476116797,5693.0,1256.0,0.0,3.265986323710904,0.0,1.0
2487,100,2.256758334191025,477.75,1257.0,0.0,2.8284271247461903,1.7320508075688772,4.621320343559642
2488,200,3.1915382432114616,4051.75,1257.625,-78.47437760137892,6.366269644280173,1.4901714050124566,7.207106781186548
2489,75,1.9544100476116797,4045.0,1259.0,0.0,3.265986323710904,0.0,1.0
2490,25,1.1283791670955126,5692.0,1258.0,45.00001609038752,0.0,0.0,0.0
2491,100,2.256758334191025,4035.5,1259.5,45.00001609038752,2.0,2.0,4.0
2492,25,1.1283791670955126,4048.0,1259.0,45.00001609038752,0.0,0.0,0.0
2493,25,1.1283791670955126,4047.0,1260.0,45.00001609038752,0.0,0.0,0.0
2494,25,1.1283791670955126,11814.0,1261.0,45.00001609038752,0.0,0.0,0.0
2495,25,1.1283791670955126,11813.0,1262.0,45.00001609038752,0.0,0.0,0.0
2496,50,1.5957691216057308,6150.5,1263.0,90.00003218077504,2.0,0.0,0.0
2497,175,2.985410660720923,11815.0,1264.2857142857142,90.00003218077504,3.0237157840738176,2.799416848895061,6.82842712474619
2498,25,1.1283791670955126,2961.0,1264.0,45.00001609038752,0.0,0.0,0.0
2499,25,1.1283791670955126,3681.0,1264.0,45.00001609038752,0.0,0.0,0.0
2500,25,1.1283791670955126,6149.0,1264.0,45.00001609038752,0.0,0.0,0.0
2501,525,5.170882945826411,484.6190476190476,1268.047619047619,65.94285575465796,7.454035380719613,5.307948567405997,16.071067811865476
2502,25,1.1283791670955126,2962.0,1265.0,45.00001609038752,0.0,0.0,0.0
2503,25,1.1283791670955126,6148.0,1265.0,45.00001609038752,0.0,0.0,0.0
2504,625,5.641895835477563,3677.28,1270.12,6.041869369618654,9.530651248714902,4.059789006262401,20.071067811865476
2505,25,1.1283791670955126,6145.0,1266.0,45.00001609038752,0.0,0.0,0.0
2506,25,1.1283791670955126,6143.0,1267.0,45.00001609038752,0.0,0.0,0.0
2507,25,1.1283791670955126,6157.0,1267.0,45.00001609038752,0.0,0.0,0.0
2508,75,1.9544100476116797,465.6666666666667,1268.3333333333333,-45.00001609038752,2.3094010767585034,1.3333333333333333,3.414213562373095
2509,100,2.256758334191025,3694.25,1268.25,71.5650767661759,3.4641016151377544,1.4142135623730951,3.2071067811865475
2510,25,1.1283791670955126,6164.0,1268.0,45.00001609038752,0.0,0.0,0.0
2511,25,1.1283791670955126,6169.0,1268.0,45.00001609038752,0.0,0.0,0.0
2512,25,1.1283791670955126,6163.0,1269.0,45.00001609038752,0.0,0.0,0.0
2513,25,1.1283791670955126,6171.0,1269.0,45.00001609038752,0.0,0.0,0.0
2514,75,1.9544100476116797,467.3333333333333,1270.6666666666667,-45.00001609038752,2.3094010767585034,1.3333333333333333,3.414213562373095
2515,25,1.1283791670955126,6140.0,1270.0,45.00001609038752,0.0,0.0,0.0
2516,50,1.5957691216057308,6172.5,1270.0,90.00003218077504,2.0,0.0,0.0
2517,25,1.1283791670955126,3697.0,1271.0,45.00001609038752,0.0,0.0,0.0
2518,25,1.1283791670955126,6139.0,1271.0,45.00001609038752,0.0,0.0,0.0
2519,775,6.282549314314218,6162.741935483871,1275.5483870967741,45.244327053448856,13.074444171599303,5.854782024891101,23.242640687119284
2520,25,1.1283791670955126,11802.0,1272.0,45.00001609038752,0.0,0.0,0.0
2521,25,1.1283791670955126,11803.0,1273.0,45.00001609038752,0.0,0.0,0.0
2522,25,1.1283791670955126,6136.0,1274.0,45.00001609038752,0.0,0.0,0.0
2523,25,1.1283791670955126,6177.0,1274.0,45.00001609038752,0.0,0.0,0.0
2524,125,2.5231325220201604,470.6,1276.6,-20.993613754469656,4.34169545110285,1.27658944452507,4.207106781186548
2525,25,1.1283791670955126,3676.0,1275.0,45.00001609038752,0.0,0.0,0.0
2526,25,1.1283791670955126,6135.0,1276.0,45.00001609038752,0.0,0.0,0.0
2527,750,6.180387232371033,6158.633333333333,1283.1666666666667,-9.206944100714589,10.290969087154304,3.7639163591059757,20.65685424949238
2528,300,3.9088200952233594,467.75,1283.0,-10.314943661316011,9.810470740589949,2.3283750803285916,12.621320343559642
2529,200,3.1915382432114616,3693.0,1279.875,90.00003218077504,6.0,2.3979157616563596,8.621320343559642
2530,300,3.9088200952233594,5295.333333333333,1281.5833333333333,44.232845066224364,4.824936219309235,3.291063899517756,10.035533905932738
2531,175,2.985410660720923,478.7142857142857,1282.5714285714287,75.47272493679381,5.233702101680045,2.687118755996664,5.207106781186548
2532,50,1.5957691216057308,3675.0,1281.5,0.0,2.0,0.0,0.0
2533,25,1.1283791670955126,484.0,1282.0,45.00001609038752,0.0,0.0,0.0
2534,419125,146.10222779781628,1969.1070682970474,1352.4232031017,-71.72864405775286,186.88619529577517,121.14626723624181,739.1219330881976
2535,25,1.1283791670955126,483.0,1283.0,45.00001609038752,0.0,0.0,0.0
2536,25,1.1283791670955126,3674.0,1284.0,45.00001609038752,0.0,0.0,0.0
2537,25,1.1283791670955126,5294.0,1284.0,45.00001609038752,0.0,0.0,0.0
2538,25,1.1283791670955126,3035.0,1285.0,45.00001609038752,0.0,0.0,0.0
2539,25,1.1283791670955126,3673.0,1285.0,45.00001609038752,0.0,0.0,0.0
2540,25,1.1283791670955126,3672.0,1286.0,45.00001609038752,0.0,0.0,0.0
2541,25,1.1283791670955126,3045.0,1287.0,45.00001609038752,0.0,0.0,0.0
2542,25,1.1283791670955126,3682.0,1287.0,45.00001609038752,0.0,0.0,0.0
2543,25,1.1283791670955126,2973.0,1290.0,45.00001609038752,0.0,0.0,0.0
2544,1500,8.740387444736633,5340.75,1299.3666666666666,-4.683832434428195,23.842017543855096,4.427989196847128,44.69238815542512
2545,25,1.1283791670955126,6134.0,1290.0,45.00001609038752,0.0,0.0,0.0
2546,25,1.1283791670955126,6157.0,1290.0,45.00001609038752,0.0,0.0,0.0
2547,25,1.1283791670955126,6159.0,1290.0,45.00001609038752,0.0,0.0,0.0
2548,25,1.1283791670955126,2971.0,1291.0,45.00001609038752,0.0,0.0,0.0
2549,514750,161.9135640584105,9954.752646915978,1433.7848470131132,-18.71673215400768,243.07201255126643,117.78350378438894,694.9432175380073
2550,25,1.1283791670955126,2957.0,1292.0,45.00001609038752,0.0,0.0,0.0
2551,25,1.1283791670955126,2969.0,1292.0,45.00001609038752,0.0,0.0,0.0
2552,75,1.9544100476116797,3036.3333333333335,1293.3333333333333,45.00001609038752,2.3094010767585034,1.3333333333333333,3.414213562373095
2553,425,4.652426491681278,5300.411764705882,1294.1176470588234,-85.16498624207682,8.601518315902469,2.9540963811900958,13.621320343559642
2554,25,1.1283791670955126,6135.0,1293.0,45.00001609038752,0.0,0.0,0.0
2555,25,1.1283791670955126,6136.0,1295.0,45.00001609038752,0.0,0.0,0.0
2556,25,1.1283791670955126,6137.0,1296.0,45.00001609038752,0.0,0.0,0.0
2557,150,2.763953195770684,5290.0,1297.8333333333333,53.130121351576776,3.8297084310253524,1.8856180831641265,6.207106781186548
2558,25,1.1283791670955126,5298.0,1297.0,45.00001609038752,0.0,0.0,0.0
2559,25,1.1283791670955126,5313.0,1297.0,45.00001609038752,0.0,0.0,0.0
2560,25,1.1283791670955126,6138.0,1298.0,45.00001609038752,0.0,0.0,0.0
2561,3244750,406.5141578237796,540.4312119577779,1526.4281993990292,-16.700860778923882,428.237506953363,399.1174777402944,1528.5209947489207
2562,25,1.1283791670955126,3677.0,1299.0,45.00001609038752,0.0,0.0,0.0
2563,25,1.1283791670955126,6139.0,1299.0,45.00001609038752,0.0,0.0,0.0
2564,150,2.763953195770684,6174.833333333333,1300.5,-30.963767603603337,4.320493798938573,1.885618083164126,6.621320343559642
2565,25,1.1283791670955126,6141.0,1301.0,45.00001609038752,0.0,0.0,0.0
2566,50,1.5957691216057308,6142.5,1302.0,90.00003218077504,2.0,0.0,0.0
2567,100,2.256758334191025,6145.5,1303.0,90.00003218077504,4.47213595499958,0.0,2.0
2568,25,1.1283791670955126,6155.0,1303.0,45.00001609038752,0.0,0.0,0.0
2569,25,1.1283791670955126,6159.0,1303.0,45.00001609038752,0.0,0.0,0.0
2570,25,1.1283791670955126,6173.0,1303.0,45.00001609038752,0.0,0.0,0.0
2571,100,2.256758334191025,6149.5,1304.0,90.00003218077504,4.47213595499958,0.0,2.0
2572,50,1.5957691216057308,6153.5,1304.0,90.00003218077504,2.0,0.0,0.0
2573,25,1.1283791670955126,6160.0,1304.0,45.00001609038752,0.0,0.0,0.0
2574,325,4.068428945128219,6167.692307692308,1305.3076923076924,-77.61245746700783,11.167586010906737,1.6483250139829977,12.414213562373096
2575,25,1.1283791670955126,6161.0,1305.0,45.00001609038752,0.0,0.0,0.0
2576,25,1.1283791670955126,3695.0,1308.0,45.00001609038752,0.0,0.0,0.0
2577,689625,187.40947905994366,7776.041435562805,1445.1325357984413,-8.291551681460643,246.00339226598356,161.48314826371083,956.4011537017761
2578,25,1.1283791670955126,3694.0,1309.0,45.00001609038752,0.0,0.0,0.0
2579,25,1.1283791670955126,3691.0,1312.0,45.00001609038752,0.0,0.0,0.0
2580,25,1.1283791670955126,3689.0,1313.0,45.00001609038752,0.0,0.0,0.0
2581,100,2.256758334191025,5281.5,1317.5,45.00001609038752,2.0,2.0,4.0
2582,25,1.1283791670955126,236.0,1321.0,45.00001609038752,0.0,0.0,0.0
2583,50,1.5957691216057308,240.5,1322.0,90.00003218077504,2.0,0.0,0.0
2584,3569125,426.34967292600976,9224.86785976955,1685.7878891885266,-9.572364755952057,648.8528310921754,324.16687406321734,2962.7038943812167
2585,25,1.1283791670955126,246.0,1325.0,45.00001609038752,0.0,0.0,0.0
2586,50,1.5957691216057308,422.0,1332.5,0.0,2.0,0.0,0.0
2587,9078400,679.969937068506,11368.381259362883,1753.449005331336,-29.81170054615298,937.8796422613414,551.2369342260796,4196.410567886514
2588,18015075,957.8623260441933,3563.3213045185767,2006.5462411341612,1.6634411195213836,1226.4891645195632,799.0598693017504,4092.9984463651945
2589,25,1.1283791670955126,403.0,1340.0,45.00001609038752,0.0,0.0,0.0
2590,25,1.1283791670955126,413.0,1340.0,45.00001609038752,0.0,0.0,0.0
2591,25,1.1283791670955126,4275.0,1340.0,45.00001609038752,0.0,0.0,0.0
2592,25,1.1283791670955126,400.0,1341.0,45.00001609038752,0.0,0.0,0.0
2593,25,1.1283791670955126,398.0,1342.0,45.00001609038752,0.0,0.0,0.0
2594,25,1.1283791670955126,397.0,1343.0,45.00001609038752,0.0,0.0,0.0
2595,325,4.068428945128219,415.2307692307692,1345.0,74.24155655981347,5.840825665574949,3.25132989358283,11.242640687119284
2596,100,2.256758334191025,420.0,1343.75,90.00003218077504,2.8284271247461903,1.7320508075688772,4.621320343559642
2597,25,1.1283791670955126,429.0,1343.0,45.00001609038752,0.0,0.0,0.0
2598,25,1.1283791670955126,430.0,1344.0,45.00001609038752,0.0,0.0,0.0
2599,25,1.1283791670955126,424.0,1345.0,45.00001609038752,0.0,0.0,0.0
2600,25,1.1283791670955126,431.0,1345.0,45.00001609038752,0.0,0.0,0.0
2601,25,1.1283791670955126,433.0,1346.0,45.00001609038752,0.0,0.0,0.0
2602,25,1.1283791670955126,393.0,1347.0,45.00001609038752,0.0,0.0,0.0
2603,25,1.1283791670955126,434.0,1347.0,45.00001609038752,0.0,0.0,0.0
2604,50,1.5957691216057308,4276.5,1347.0,90.00003218077504,2.0,0.0,0.0
2605,50,1.5957691216057308,391.5,1348.0,90.00003218077504,2.0,0.0,0.0
2606,25,1.1283791670955126,247.0,1349.0,45.00001609038752,0.0,0.0,0.0
2607,25,1.1283791670955126,436.0,1349.0,45.00001609038752,0.0,0.0,0.0
2608,75,1.9544100476116797,4277.333333333333,1349.3333333333333,45.00001609038752,2.3094010767585034,1.3333333333333333,3.414213562373095
2609,25,1.1283791670955126,237.0,1350.0,45.00001609038752,0.0,0.0,0.0
2610,25,1.1283791670955126,246.0,1350.0,45.00001609038752,0.0,0.0,0.0
2611,4594750,483.74445312259195,5533.653898471081,1627.2734479569074,54.26456966910353,695.8354884061761,492.7955099501072,4494.47867710555
2612,24226350,1110.7825501797317,6446.313600686855,1948.463335376563,-73.77957355455557,1949.7209715490812,830.5297055118738,11034.578854023408
2613,25,1.1283791670955126,388.0,1353.0,45.00001609038752,0.0,0.0,0.0
2614,75,1.9544100476116797,11191.0,1358.0,0.0,3.265986323710904,0.0,1.0
2615,150,2.763953195770684,3642.5,1360.0,0.0,3.265986323710904,2.0,6.0
2616,11054475,750.333118455696,7727.899133608787,1738.4014075747605,70.29218114354218,869.296350692189,733.23895073614,4501.692926561673
2617,50,1.5957691216057308,11192.0,1360.5,0.0,2.0,0.0,0.0
2618,25,1.1283791670955126,385.0,1361.0,45.00001609038752,0.0,0.0,0.0
2619,200,3.1915382432114616,4190.5,1364.5,0.0,4.47213595499958,2.0,8.0
2620,50,1.5957691216057308,4191.0,1368.5,0.0,2.0,0.0,0.0
2621,25,1.1283791670955126,5281.0,1369.0,45.00001609038752,0.0,0.0,0.0
2622,125,2.5231325220201604,5285.8,1369.4,-71.5650767661759,3.098386676965933,1.7888543819998317,5.207106781186548
2623,25,1.1283791670955126,5292.0,1369.0,45.00001609038752,0.0,0.0,0.0
2624,1075,7.399277020331919,5281.232558139535,1376.3255813953488,17.81637253588537,15.129500471148512,5.588783890967874,34.31370849898476
2625,50,1.5957691216057308,5290.5,1370.0,90.00003218077504,2.0,0.0,0.0
2626,25,1.1283791670955126,3588.0,1372.0,45.00001609038752,0.0,0.0,0.0
2627,25,1.1283791670955126,3583.0,1374.0,45.00001609038752,0.0,0.0,0.0
2628,25,1.1283791670955126,3582.0,1375.0,45.00001609038752,0.0,0.0,0.0
2629,25,1.1283791670955126,1869.0,1376.0,45.00001609038752,0.0,0.0,0.0
2630,75,1.9544100476116797,1881.6666666666667,1376.6666666666667,45.00001609038752,2.3094010767585034,1.3333333333333333,3.414213562373095
2631,25,1.1283791670955126,1879.0,1377.0,45.00001609038752,0.0,0.0,0.0
2632,25,1.1283791670955126,5286.0,1377.0,45.00001609038752,0.0,0.0,0.0
2633,25,1.1283791670955126,1880.0,1378.0,45.00001609038752,0.0,0.0,0.0
2634,25,1.1283791670955126,5288.0,1378.0,45.00001609038752,0.0,0.0,0.0
2635,25,1.1283791670955126,1873.0,1379.0,45.00001609038752,0.0,0.0,0.0
2636,150,2.763953195770684,5285.666666666667,1380.3333333333333,-45.00001609038752,3.6514837167011076,2.10818510677892,5.414213562373095
2637,25,1.1283791670955126,5289.0,1379.0,45.00001609038752,0.0,0.0,0.0
2638,50,1.5957691216057308,1872.0,1380.5,0.0,2.0,0.0,0.0
2639,25,1.1283791670955126,1875.0,1380.0,45.00001609038752,0.0,0.0,0.0
2640,50,1.5957691216057308,5271.0,1380.5,0.0,2.0,0.0,0.0
2641,75,1.9544100476116797,5291.333333333333,1381.6666666666667,-45.00001609038752,2.3094010767585034,1.3333333333333333,3.414213562373095
2642,50,1.5957691216057308,1895.0,1382.5,0.0,2.0,0.0,0.0
2643,25,1.1283791670955126,5270.0,1382.0,45.00001609038752,0.0,0.0,0.0
2644,25,1.1283791670955126,5272.0,1382.0,45.00001609038752,0.0,0.0,0.0
2645,25,1.1283791670955126,5269.0,1383.0,45.00001609038752,0.0,0.0,0.0
2646,25,1.1283791670955126,5273.0,1383.0,45.00001609038752,0.0,0.0,0.0
2647,25,1.1283791670955126,5288.0,1383.0,45.00001609038752,0.0,0.0,0.0
2648,25,1.1283791670955126,5293.0,1383.0,45.00001609038752,0.0,0.0,0.0
2649,100,2.256758334191025,3591.0,1384.5,58.28254642828171,3.23606797749979,1.2360679774997898,4.414213562373095
2650,25,1.1283791670955126,5268.0,1384.0,45.00001609038752,0.0,0.0,0.0
2651,25,1.1283791670955126,1835.0,1385.0,45.00001609038752,0.0,0.0,0.0
2652,25,1.1283791670955126,5267.0,1385.0,45.00001609038752,0.0,0.0,0.0
2653,25,1.1283791670955126,442.0,1386.0,45.00001609038752,0.0,0.0,0.0
2654,25,1.1283791670955126,1836.0,1386.0,45.00001609038752,0.0,0.0,0.0
2655,25,1.1283791670955126,5266.0,1386.0,45.00001609038752,0.0,0.0,0.0
2656,2348750,345.86248022569396,9514.43260244811,1594.5668227780734,-17.483874433660993,544.0357108539657,254.0859716722081,1561.1950929411162
2657,25,1.1283791670955126,5265.0,1387.0,45.00001609038752,0.0,0.0,0.0
2658,25,1.1283791670955126,5264.0,1388.0,45.00001609038752,0.0,0.0,0.0
2659,25,1.1283791670955126,3601.0,1392.0,45.00001609038752,0.0,0.0,0.0
2660,25,1.1283791670955126,3591.0,1393.0,45.00001609038752,0.0,0.0,0.0
2661,25,1.1283791670955126,3599.0,1393.0,45.00001609038752,0.0,0.0,0.0
2662,25,1.1283791670955126,3593.0,1394.0,45.00001609038752,0.0,0.0,0.0
2663,5350275,522.0031304583498,9753.112797940294,1781.5274214876806,0.4600086148661732,665.7073755458821,437.0713008139976,2735.9049045079937
2664,25,1.1283791670955126,438.0,1395.0,45.00001609038752,0.0,0.0,0.0
2665,75,1.9544100476116797,433.6666666666667,1399.6666666666667,45.00001609038752,2.3094010767585034,1.3333333333333333,3.414213562373095
2666,25,1.1283791670955126,394.0,1401.0,45.00001609038752,0.0,0.0,0.0
2667,25,1.1283791670955126,432.0,1401.0,45.00001609038752,0.0,0.0,0.0
2668,25,1.1283791670955126,430.0,1402.0,45.00001609038752,0.0,0.0,0.0
2669,25,1.1283791670955126,397.0,1403.0,45.00001609038752,0.0,0.0,0.0
2670,50,1.5957691216057308,428.5,1403.0,90.00003218077504,2.0,0.0,0.0
2671,25,1.1283791670955126,406.0,1404.0,45.00001609038752,0.0,0.0,0.0
2672,25,1.1283791670955126,414.0,1404.0,45.00001609038752,0.0,0.0,0.0
2673,200,3.1915382432114616,417.75,1404.75,-85.26886938506854,6.264845376455404,1.6588286255986004,7.207106781186548
2674,50,1.5957691216057308,426.5,1404.0,90.00003218077504,2.0,0.0,0.0
2675,150,2.763953195770684,423.0,1405.5,-72.39122940040403,5.404236119112784,1.208676398190789,4.0
2676,124000,79.46866138224807,5667.103427419355,1446.9566532258063,3.671842464287089,85.58683745169084,75.47117653679604,282.5218613006979
2677,301075,123.82901048318833,3860.8017105372414,1485.5933737440837,36.126489296271615,148.66299762165482,110.9959591874722,490.76554800834367
2678,7860475,632.7169228146859,10260.33631555345,1925.7940423447692,11.776663162630092,902.7043349887072,519.5054091106562,4299.141628009452
2679,25,1.1283791670955126,6751.0,1451.0,45.00001609038752,0.0,0.0,0.0
2680,25,1.1283791670955126,5263.0,1452.0,45.00001609038752,0.0,0.0,0.0
2681,25,1.1283791670955126,5264.0,1453.0,45.00001609038752,0.0,0.0,0.0
2682,50,1.5957691216057308,6752.5,1458.0,90.00003218077504,2.0,0.0,0.0
2683,25,1.1283791670955126,5272.0,1460.0,45.00001609038752,0.0,0.0,0.0
2684,25,1.1283791670955126,5301.0,1461.0,45.00001609038752,0.0,0.0,0.0
2685,885025,212.30627198264656,5746.62650772577,1581.5562837207988,72.86954426414557,228.16212493924758,210.90630159940483,820.4884194358182
2686,34150,41.70425899243664,6310.725475841874,1516.0036603221083,12.702602112648675,124.35124512921972,16.707487397097776,245.88225099390854
2687,1000,7.136496464611085,5279.425,1475.35,8.399499816888554,9.77038748876418,5.374897982231883,23.31370849898476
2688,25,1.1283791670955126,5375.0,1472.0,45.00001609038752,0.0,0.0,0.0
2689,200,3.1915382432114616,7834.875,1473.25,84.055701035482,6.79842252429312,1.5910534815599229,7.414213562373096
2690,709275,190.0607248320423,4047.5854569807198,1570.4578619012373,-84.56540876018794,270.1725199449283,163.0244562292256,2060.4276323604686
2691,150,2.763953195770684,7832.0,1478.0,0.0,4.618802153517006,2.309401076758503,5.414213562373095
2692,25,1.1283791670955126,7830.0,1480.0,45.00001609038752,0.0,0.0,0.0
2693,325,4.068428945128219,5640.923076923077,1484.7692307692307,-53.65842092472532,7.829465460702594,3.0228034044823886,13.207106781186548
2694,25,1.1283791670955126,5158.0,1485.0,45.00001609038752,0.0,0.0,0.0
2695,25,1.1283791670955126,5645.0,1485.0,45.00001609038752,0.0,0.0,0.0
2696,75,1.9544100476116797,5647.333333333333,1485.3333333333333,45.00001609038752,2.3094010767585034,1.3333333333333333,3.414213562373095
2697,475,4.918490759365935,5119.105263157895,1488.1052631578948,-23.773639633482254,7.680419502383833,5.152797538462792,18.035533905932738
2698,125,2.5231325220201604,5160.8,1486.4,-71.5650767661759,3.098386676965933,1.7888543819998317,5.207106781186548
2699,200,3.1915382432114616,5125.0,1489.0,-35.78253838308795,4.931993037336606,3.4169349832361813,7.207106781186548
2700,350,4.222008245644752,5643.142857142857,1489.357142857143,-2.3334300200701596,5.781091525583112,3.6543796979669163,12.035533905932738
2701,25,1.1283791670955126,5116.0,1488.0,45.00001609038752,0.0,0.0,0.0
2702,375,4.370193722368317,5138.2,1489.8666666666666,86.67620738849834,10.261311930766958,2.404377885245006,16.035533905932738
2703,50,1.5957691216057308,5151.0,1489.5,0.0,2.0,0.0,0.0
2704,550,5.292567428401227,5148.454545454545,1492.6363636363637,47.17850437225974,7.815699236695316,4.394489692375701,18.449747468305834
2705,25,1.1283791670955126,5145.0,1495.0,45.00001609038752,0.0,0.0,0.0
2706,125,2.5231325220201604,4028.6,1497.2,-18.43495541459913,3.098386676965933,1.7888543819998317,5.207106781186548
2707,25,1.1283791670955126,5144.0,1496.0,45.00001609038752,0.0,0.0,0.0
2708,175,2.985410660720923,5147.857142857143,1497.2857142857142,-85.69220654836944,4.993927366567251,1.772659614960501,6.207106781186548
2709,50,1.5957691216057308,7809.0,1497.5,0.0,2.0,0.0,0.0
2710,25,1.1283791670955126,4029.0,1501.0,45.00001609038752,0.0,0.0,0.0
2711,200,3.1915382432114616,4031.125,1505.0,29.650149326419953,5.552553065882964,1.7085533209571493,8.414213562373096
2712,25,1.1283791670955126,3946.0,1506.0,45.00001609038752,0.0,0.0,0.0
2713,75,1.9544100476116797,3947.6666666666665,1506.6666666666667,45.00001609038752,2.3094010767585034,1.3333333333333333,3.414213562373095
2714,150,2.763953195770684,3942.6666666666665,1509.5,0.0,3.8297084310253524,1.8856180831641272,6.414213562373095
2715,25,1.1283791670955126,3944.0,1512.0,45.00001609038752,0.0,0.0,0.0
2716,25,1.1283791670955126,3946.0,1513.0,45.00001609038752,0.0,0.0,0.0
2717,125,2.5231325220201604,3949.6,1514.8,18.43495541459913,3.098386676965933,1.7888543819998317,5.207106781186548
2718,25,1.1283791670955126,4034.0,1514.0,45.00001609038752,0.0,0.0,0.0
2719,975,7.046725639945928,4020.641025641026,1520.4102564102564,4.279175354433312,8.143361269587993,7.154530794431178,25.14213562373095
2720,350,4.222008245644752,3951.3571428571427,1519.9285714285713,-9.927610734417122,6.391171155746386,3.098695023682088,13.242640687119284
2721,25,1.1283791670955126,4033.0,1517.0,45.00001609038752,0.0,0.0,0.0
2722,25,1.1283791670955126,4030.0,1518.0,45.00001609038752,0.0,0.0,0.0
2723,25,1.1283791670955126,3955.0,1519.0,45.00001609038752,0.0,0.0,0.0
2724,25,1.1283791670955126,4027.0,1522.0,45.00001609038752,0.0,0.0,0.0
2725,638575,180.33956219080233,9976.58336922053,1625.9356379438593,-3.959000439906502,218.69703930715613,169.24095612673682,1472.36666581637
2726,25,1.1283791670955126,4028.0,1523.0,45.00001609038752,0.0,0.0,0.0
2727,150,2.763953195770684,6767.5,1525.5,18.43495541459913,3.9999999999999996,1.632993161855452,6.414213562373095
2728,300,3.9088200952233594,3951.9166666666665,1526.5833333333333,32.506795020870996,5.702196280712472,2.6949462618031235,11.449747468305834
2729,25,1.1283791670955126,4031.0,1526.0,45.00001609038752,0.0,0.0,0.0
2730,7832125,631.5748971993388,4632.808331072346,1948.5257289688302,-53.081354402616526,1054.4852771176527,467.59957112011915,3396.0958133670038
2731,25,1.1283791670955126,3973.0,1528.0,45.00001609038752,0.0,0.0,0.0
2732,25,1.1283791670955126,3972.0,1529.0,45.00001609038752,0.0,0.0,0.0
2733,25,1.1283791670955126,3973.0,1530.0,45.00001609038752,0.0,0.0,0.0
2734,50,1.5957691216057308,4019.0,1530.5,0.0,2.0,0.0,0.0
2735,25,1.1283791670955126,3972.0,1531.0,45.00001609038752,0.0,0.0,0.0
2736,25,1.1283791670955126,1891.0,1532.0,45.00001609038752,0.0,0.0,0.0
2737,384500,139.9372152003419,7281.155071521456,1625.6615734720417,6.79540726745283,220.64928088150586,93.15374299558582,558.651803615609
2738,25,1.1283791670955126,3971.0,1534.0,45.00001609038752,0.0,0.0,0.0
2739,25,1.1283791670955126,4016.0,1535.0,45.00001609038752,0.0,0.0,0.0
2740,25,1.1283791670955126,4018.0,1535.0,45.00001609038752,0.0,0.0,0.0
2741,250,3.5682482323055424,4009.8,1537.0,64.32992712911364,5.438198096416778,2.2329356157598745,9.035533905932738
2742,25,1.1283791670955126,4017.0,1536.0,45.00001609038752,0.0,0.0,0.0
2743,275,3.742410318509555,3990.5454545454545,1539.6363636363637,6.208725115054981,6.003975887808943,2.555540243334668,10.621320343559642
2744,25,1.1283791670955126,3994.0,1537.0,45.00001609038752,0.0,0.0,0.0
2745,25,1.1283791670955126,3996.0,1537.0,45.00001609038752,0.0,0.0,0.0
2746,25,1.1283791670955126,4016.0,1537.0,45.00001609038752,0.0,0.0,0.0
2747,50,1.5957691216057308,4014.5,1538.0,90.00003218077504,2.0,0.0,0.0
2748,50,1.5957691216057308,3994.5,1539.0,90.00003218077504,2.0,0.0,0.0
2749,25,1.1283791670955126,4001.0,1539.0,45.00001609038752,0.0,0.0,0.0
2750,50,1.5957691216057308,4006.5,1539.0,90.00003218077504,2.0,0.0,0.0
2751,25,1.1283791670955126,4013.0,1539.0,45.00001609038752,0.0,0.0,0.0
2752,175,2.985410660720923,4003.285714285714,1540.4285714285713,-81.65040707825256,4.155374705678736,1.9054711331003737,7.207106781186548
2753,146700,86.43708491443898,3871.3410020449896,1591.1695637355147,-3.209287057088434,96.31710257043444,85.53540374003741,488.60512242138304
2754,50,1.5957691216057308,5126.5,1541.0,90.00003218077504,2.0,0.0,0.0
2755,157375,89.52677216401723,10306.77823669579,1603.1356632247816,29.037381154312758,136.78472128988759,60.482430941147506,357.48737341529164
2756,75,1.9544100476116797,5121.0,1542.0,90.00003218077504,3.265986323710904,0.0,1.0
2757,25,1.1283791670955126,5115.0,1544.0,45.00001609038752,0.0,0.0,0.0
2758,25,1.1283791670955126,5136.0,1545.0,45.00001609038752,0.0,0.0,0.0
2759,25,1.1283791670955126,5112.0,1547.0,45.00001609038752,0.0,0.0,0.0
2760,25,1.1283791670955126,5111.0,1548.0,45.00001609038752,0.0,0.0,0.0
2761,100,2.256758334191025,5099.5,1554.0,31.71748575249332,3.23606797749979,1.2360679774997898,4.414213562373095
2762,25,1.1283791670955126,3907.0,1556.0,45.00001609038752,0.0,0.0,0.0
2763,25,1.1283791670955126,5099.0,1556.0,45.00001609038752,0.0,0.0,0.0
2764,25,1.1283791670955126,6772.0,1558.0,45.00001609038752,0.0,0.0,0.0
2765,4200,14.625465582862905,5595.416666666667,1567.875,-50.04653103803964,16.62925052316739,13.916836727433957,63.390872965260115
2766,50,1.5957691216057308,5099.5,1561.0,90.00003218077504,2.0,0.0,0.0
2767,14100,26.797520467958073,5616.22695035461,1580.6400709219859,69.60677435296006,38.626532326405695,20.19589700425767,113.8111831820431
2768,175,2.985410660720923,6786.285714285715,1570.7142857142858,-45.00001609038752,3.703280399090206,3.3319725113401715,5.242640687119286
2769,250,3.5682482323055424,3949.7,1572.0,-54.32478880161661,6.778201632490672,2.327226381188725,9.621320343559642
2770,13475,26.196872229566885,7782.786641929499,1591.4582560296847,6.23302254674424,51.65337592963374,15.110354256607636,132.73401871576772
2771,150,2.763953195770684,3896.5,1573.0,-50.30984562706919,4.8496611975202075,1.3468925727763872,6.414213562373095
2772,250,3.5682482323055424,7830.6,1574.1,6.021289724439167,6.343898075098332,1.853363756191339,9.0
2773,250,3.5682482323055424,5099.3,1575.6,11.83062038619527,7.34288286137078,2.1170902872072466,10.207106781186548
2774,150,2.763953195770684,3886.1666666666665,1575.1666666666667,-65.3006706716738,3.7841508342790213,2.4748023977420552,5.621320343559642
2775,25,1.1283791670955126,3883.0,1575.0,45.00001609038752,0.0,0.0,0.0
2776,25,1.1283791670955126,5591.0,1577.0,45.00001609038752,0.0,0.0,0.0
2777,50,1.5957691216057308,5589.5,1578.0,90.00003218077504,2.0,0.0,0.0
2778,175,2.985410660720923,5586.857142857143,1581.2857142857142,59.527323334368745,3.582070095417669,2.4713456540351713,6.207106781186548
2779,25,1.1283791670955126,5592.0,1580.0,45.00001609038752,0.0,0.0,0.0
2780,50,1.5957691216057308,3946.0,1581.5,0.0,2.0,0.0,0.0
2781,100,2.256758334191025,5590.25,1582.75,-71.5650767661759,3.4641016151377544,1.4142135623730951,3.2071067811865475
2782,250,3.5682482323055424,3944.1,1587.4,2.7973997299686877,10.923435762849747,1.0763601325277483,9.207106781186548
2783,25,1.1283791670955126,5568.0,1584.0,45.00001609038752,0.0,0.0,0.0
2784,25,1.1283791670955126,3960.0,1589.0,45.00001609038752,0.0,0.0,0.0
2785,25,1.1283791670955126,3964.0,1589.0,45.00001609038752,0.0,0.0,0.0
2786,50,1.5957691216057308,5107.0,1589.5,0.0,2.0,0.0,0.0
2787,75,1.9544100476116797,3961.3333333333335,1590.3333333333333,45.00001609038752,2.3094010767585034,1.3333333333333333,3.414213562373095
2788,25,1.1283791670955126,3963.0,1591.0,45.00001609038752,0.0,0.0,0.0
2789,25,1.1283791670955126,3965.0,1591.0,45.00001609038752,0.0,0.0,0.0
2790,25,1.1283791670955126,5106.0,1591.0,45.00001609038752,0.0,0.0,0.0
2791,9125,21.557653718072718,9376.030136986301,1613.0876712328768,2.935577359818515,42.85977364368318,11.15805948558986,97.07716446627535
2792,575,5.4115163798060095,3947.391304347826,1595.9565217391305,13.825170509524199,9.00113163167911,3.727034004175223,18.86396103067893
2793,25,1.1283791670955126,3964.0,1592.0,45.00001609038752,0.0,0.0,0.0
2794,300,3.9088200952233594,3967.4166666666665,1596.1666666666667,0.8485783982212619,10.43608782545698,1.9661761561788917,12.414213562373096
2795,200,3.1915382432114616,3961.375,1595.25,-11.525654579396118,6.366269644280173,1.4901714050124566,7.207106781186548
2796,25,1.1283791670955126,5578.0,1593.0,45.00001609038752,0.0,0.0,0.0
2797,25,1.1283791670955126,5579.0,1594.0,45.00001609038752,0.0,0.0,0.0
2798,25,1.1283791670955126,5059.0,1597.0,45.00001609038752,0.0,0.0,0.0
2799,75,1.9544100476116797,5061.666666666667,1597.3333333333333,-45.00001609038752,2.3094010767585034,1.3333333333333333,3.414213562373095
2800,50,1.5957691216057308,5577.5,1598.0,90.00003218077504,2.0,0.0,0.0
2801,600,5.527906391541368,3972.5416666666665,1602.0416666666667,63.09046161904756,7.542177119288812,5.137445092558564,19.27817459305202
2802,225,3.385137501286538,3965.5555555555557,1602.4444444444443,14.527307243981227,5.1539873228823145,2.495303214512922,8.035533905932738
2803,525,5.170882945826411,3948.6190476190477,1607.047619047619,16.153339721656483,12.67027985455016,2.342367209542914,18.82842712474619
2804,1650,9.166995688475081,3969.3030303030305,1611.7272727272727,-22.031629131620527,15.341263118676261,8.182665972391769,44.04163056034261
2805,25,1.1283791670955126,4151.0,1607.0,45.00001609038752,0.0,0.0,0.0
2806,25,1.1283791670955126,3965.0,1608.0,45.00001609038752,0.0,0.0,0.0
2807,25,1.1283791670955126,5052.0,1611.0,45.00001609038752,0.0,0.0,0.0
2808,525,5.170882945826411,3947.5714285714284,1615.857142857143,-5.9612650283510815,10.166067566349188,5.242232559626882,19.27817459305202
2809,75,1.9544100476116797,3934.6666666666665,1617.6666666666667,45.00001609038752,2.3094010767585034,1.3333333333333333,3.414213562373095
2810,125,2.5231325220201604,3993.0,1619.0,0.0,5.656854249492381,0.0,3.0
2811,475,4.918490759365935,3951.7368421052633,1620.2631578947369,45.000016090387525,6.155870112510924,3.932956145740927,14.242640687119284
2812,75,1.9544100476116797,4150.666666666667,1618.6666666666667,45.00001609038752,2.3094010767585034,1.3333333333333333,3.414213562373095
2813,25,1.1283791670955126,5059.0,1618.0,45.00001609038752,0.0,0.0,0.0
2814,50,1.5957691216057308,5062.5,1618.0,90.00003218077504,2.0,0.0,0.0
2815,25,1.1283791670955126,3933.0,1619.0,45.00001609038752,0.0,0.0,0.0
2816,575,5.4115163798060095,3958.4347826086955,1622.1304347826087,4.802194170368688,8.797438922822606,3.636114064224705,15.485281374238571
2817,690700,187.55549083389448,352.6767047922398,1711.5452439554076,74.13867349012646,272.00642606909145,142.31323181312467,746.9259735953042
2818,25,1.1283791670955126,9998.0,1621.0,45.00001609038752,0.0,0.0,0.0
2819,25,1.1283791670955126,4151.0,1622.0,45.00001609038752,0.0,0.0,0.0
2820,100,2.256758334191025,9999.5,1623.0,31.71748575249332,3.23606797749979,1.2360679774997898,4.414213562373095
2821,1975,10.02925341359355,3966.6582278481014,1628.9367088607594,16.2676914360106,11.970981030272446,10.733978098611496,44.83452377915607
2822,25,1.1283791670955126,4150.0,1623.0,45.00001609038752,0.0,0.0,0.0
2823,525,5.170882945826411,3948.3809523809523,1626.904761904762,-7.344001690580744,7.946069594093158,3.692012061534675,16.65685424949238
2824,25,1.1283791670955126,3955.0,1624.0,45.00001609038752,0.0,0.0,0.0
2825,25,1.1283791670955126,9988.0,1624.0,45.00001609038752,0.0,0.0,0.0
2826,2925,12.205286835384658,10003.034188034188,1638.974358974359,24.76397117505231,50.28921792858369,8.39563619452058,96.17766952966369
2827,25,1.1283791670955126,3984.0,1625.0,45.00001609038752,0.0,0.0,0.0
2828,25,1.1283791670955126,9989.0,1625.0,45.00001609038752,0.0,0.0,0.0
2829,125,2.5231325220201604,3912.2,1626.4,71.5650767661759,3.098386676965933,1.7888543819998317,5.207106781186548
2830,1175,7.735777827895049,3992.2978723404253,1628.1914893617022,73.26888252854553,14.213083406156038,5.587124925529466,33.55634918610404
2831,675,5.863230142835039,3952.1111111111113,1633.3333333333333,-5.742710404266031,11.040923863755918,4.551404638720049,21.44974746830583
2832,25,1.1283791670955126,3908.0,1628.0,45.00001609038752,0.0,0.0,0.0
2833,50,1.5957691216057308,4988.5,1628.0,90.00003218077504,2.0,0.0,0.0
2834,25,1.1283791670955126,3958.0,1629.0,45.00001609038752,0.0,0.0,0.0
2835,25,1.1283791670955126,3960.0,1629.0,45.00001609038752,0.0,0.0,0.0
2836,25,1.1283791670955126,4980.0,1629.0,45.00001609038752,0.0,0.0,0.0
2837,25,1.1283791670955126,4991.0,1629.0,45.00001609038752,0.0,0.0,0.0
2838,3875,14.048207338801282,3910.8064516129034,1641.4774193548387,12.392060305912572,21.464339190879556,10.692947461245923,58.798989873223334
2839,25,1.1283791670955126,3950.0,1630.0,45.00001609038752,0.0,0.0,0.0
2840,150,2.763953195770684,3985.5,1631.0,0.0,3.265986323710904,2.0,6.0
2841,100,2.256758334191025,4993.0,1630.25,90.00003218077504,2.8284271247461903,1.7320508075688772,4.621320343559642
2842,450,4.787307364817192,3893.277777777778,1634.4444444444443,-17.43051459448391,7.477951992859715,3.418358124025386,14.207106781186548
2843,225,3.385137501286538,3899.0,1632.6666666666667,-67.50002413558127,5.668010477817568,2.642871229262102,8.621320343559642
2844,100,2.256758334191025,3905.0,1631.5,-58.28254642828171,3.23606797749979,1.2360679774997898,4.414213562373095
2845,375,4.370193722368317,3929.133333333333,1633.9333333333334,9.107152578763554,6.986174315747502,3.7109495021850796,14.278174593052022
2846,150,2.763953195770684,3959.3333333333335,1632.8333333333333,12.933183021488421,4.363338213437162,1.65500979239906,5.0
2847,25,1.1283791670955126,4976.0,1631.0,45.00001609038752,0.0,0.0,0.0
2848,50,1.5957691216057308,3921.5,1632.0,90.00003218077504,2.0,0.0,0.0
2849,25,1.1283791670955126,3924.0,1632.0,45.00001609038752,0.0,0.0,0.0
2850,25,1.1283791670955126,3926.0,1632.0,45.00001609038752,0.0,0.0,0.0
2851,25,1.1283791670955126,4975.0,1632.0,45.00001609038752,0.0,0.0,0.0
2852,125,2.5231325220201604,5004.2,1633.0,-55.900724731264845,3.335641688875783,2.0575457524521585,5.621320343559642
2853,350,4.222008245644752,9992.92857142857,1635.2142857142858,19.975263795692324,9.489549163984874,2.72357199637095,14.621320343559642
2854,50,1.5957691216057308,3932.0,1633.5,0.0,2.0,0.0,0.0
2855,125,2.5231325220201604,3946.6,1634.2,-18.43495541459913,3.098386676965933,1.7888543819998317,5.207106781186548
2856,50,1.5957691216057308,3968.0,1633.5,0.0,2.0,0.0,0.0
2857,25,1.1283791670955126,4974.0,1633.0,45.00001609038752,0.0,0.0,0.0
2858,560450,168.94816990388762,9373.929208671603,1838.0571415826569,2.981336482584026,350.9470901718133,97.89505897425157,869.541197284454
2859,25,1.1283791670955126,3902.0,1634.0,45.00001609038752,0.0,0.0,0.0
2860,25,1.1283791670955126,3934.0,1634.0,45.00001609038752,0.0,0.0,0.0
2861,475,4.918490759365935,3942.4210526315787,1636.578947368421,53.206810966125246,6.980595012509028,3.6009143463931297,15.313708498984761
2862,1300,8.136857890256438,3988.9423076923076,1638.326923076923,-54.07522810795325,11.768792812844314,10.07860883083724,38.31370849898477
2863,25,1.1283791670955126,4973.0,1634.0,45.00001609038752,0.0,0.0,0.0
2864,2250,10.704744696916627,3924.6222222222223,1644.5,14.399901699927348,22.385532551932684,7.965483037498931,57.62741699796952
2865,125,2.5231325220201604,3936.0,1636.0,31.71748575249332,4.093338188813542,1.5635160606788385,5.414213562373095
2866,50,1.5957691216057308,3938.0,1635.5,0.0,2.0,0.0,0.0
2867,1275,8.058239062071396,3963.9607843137255,1643.137254901961,15.646779017066805,15.283679287954735,4.927392556283702,32.9350288425444
2868,50,1.5957691216057308,3991.5,1635.0,90.00003218077504,2.0,0.0,0.0
2869,25,1.1283791670955126,4029.0,1635.0,45.00001609038752,0.0,0.0,0.0
2870,25,1.1283791670955126,4972.0,1635.0,45.00001609038752,0.0,0.0,0.0
2871,50,1.5957691216057308,3870.0,1636.5,0.0,2.0,0.0,0.0
2872,25,1.1283791670955126,3873.0,1636.0,45.00001609038752,0.0,0.0,0.0
2873,25,1.1283791670955126,3875.0,1636.0,45.00001609038752,0.0,0.0,0.0
2874,25,1.1283791670955126,3877.0,1636.0,45.00001609038752,0.0,0.0,0.0
2875,200,3.1915382432114616,3879.75,1637.125,-7.796408257348401,4.237378738251683,2.6066494640846076,7.414213562373095
2876,1600,9.0270333367641,3886.234375,1641.3125,18.770548241678302,14.171544361080752,7.548239806201201,36.27817459305202
2877,1625,9.09728368293446,3899.0615384615385,1643.2307692307693,-6.764733128809226,15.735237570427449,5.376338949108355,34.86396103067893
2878,600,5.527906391541368,3947.875,1642.125,5.122610145453403,10.702772438597421,3.7794173441064634,18.035533905932738
2879,25,1.1283791670955126,3972.0,1636.0,45.00001609038752,0.0,0.0,0.0
2880,25,1.1283791670955126,4971.0,1636.0,45.00001609038752,0.0,0.0,0.0
2881,8850,21.23032733700184,3863.870056497175,1645.9689265536724,88.00821837833843,38.18346555066306,14.013615249822172,110.49747468305833
2882,50,1.5957691216057308,3861.0,1637.5,0.0,2.0,0.0,0.0
2883,25,1.1283791670955126,3866.0,1637.0,45.00001609038752,0.0,0.0,0.0
2884,25,1.1283791670955126,3872.0,1637.0,45.00001609038752,0.0,0.0,0.0
2885,25,1.1283791670955126,3915.0,1637.0,45.00001609038752,0.0,0.0,0.0
2886,4700,15.471555655790098,3941.5851063829787,1650.9893617021276,41.29320881677856,33.83177820805429,14.459609849739731,127.5685424949238
2887,275,3.742410318509555,3968.3636363636365,1638.4545454545455,-48.79733913246941,5.189483704979297,2.6306840451061073,9.035533905932738
2888,50,1.5957691216057308,3973.0,1637.5,0.0,2.0,0.0,0.0
2889,175,2.985410660720923,10000.0,1638.2857142857142,90.00003218077504,3.0237157840738176,2.799416848895061,6.82842712474619
2890,25,1.1283791670955126,3854.0,1638.0,45.00001609038752,0.0,0.0,0.0
2891,25,1.1283791670955126,3865.0,1638.0,45.00001609038752,0.0,0.0,0.0
2892,25,1.1283791670955126,3918.0,1638.0,45.00001609038752,0.0,0.0,0.0
2893,825,6.4820448144285745,3957.3030303030305,1641.3030303030303,31.45614913293593,8.54165780679499,4.896978060463176,19.899494936611667
2894,100,2.256758334191025,4029.75,1638.75,18.43495541459913,3.4641016151377544,1.4142135623730951,3.2071067811865475
2895,1525,8.812923024107548,4064.6065573770493,1644.8196721311476,-7.606549640753584,13.134767677389815,6.474832600645886,32.071067811865476
2896,25,1.1283791670955126,9992.0,1638.0,45.00001609038752,0.0,0.0,0.0
2897,250,3.5682482323055424,1796.3,1640.4,-66.99998689272459,7.203293792424377,2.5519715006285684,10.621320343559644
2898,125,2.5231325220201604,3851.8,1639.8,-79.09932353989771,4.743365517193277,1.3492529674978493,4.207106781186548
2899,75,1.9544100476116797,3863.3333333333335,1639.3333333333333,45.00001609038752,2.3094010767585034,1.3333333333333333,3.414213562373095
2900,200,3.1915382432114616,4994.625,1641.0,0.0,4.898979485566356,1.9364916731037085,8.414213562373096
2901,1142700,241.24102700567914,623.1056707797322,1797.669904611884,-45.216814953684974,353.67949222746324,192.67190214129815,1135.3534264870236
2902,50,1.5957691216057308,3944.0,1640.5,0.0,2.0,0.0,0.0
2903,1250,7.978845608028654,3971.8,1648.92,-1.5544840279630356,14.31053413562574,8.794669564747185,42.970562748477136
2904,25,1.1283791670955126,9990.0,1640.0,45.00001609038752,0.0,0.0,0.0
2905,300,3.9088200952233594,3892.9166666666665,1644.8333333333333,3.4828801078971594,9.373720260077008,1.8915107534101676,10.207106781186548
2906,100,2.256758334191025,3951.5,1641.5,45.00001609038752,2.0,2.0,4.0
2907,425,4.652426491681278,4073.8823529411766,1644.1176470588234,9.505386606867924,7.322884530656971,3.437267594681398,13.621320343559642
2908,25,1.1283791670955126,4077.0,1641.0,45.00001609038752,0.0,0.0,0.0
2909,225,3.385137501286538,4153.666666666667,1644.0,-18.937498596917592,6.851018318597787,2.5292056720581026,8.414213562373096
2910,25,1.1283791670955126,3928.0,1642.0,45.00001609038752,0.0,0.0,0.0
2911,200,3.1915382432114616,3974.875,1643.75,35.3549895320785,4.507893913753563,2.104493398028036,8.242640687119284
2912,75,1.9544100476116797,4078.3333333333335,1642.6666666666667,-45.00001609038752,2.3094010767585034,1.3333333333333333,3.414213562373095
2913,25,1.1283791670955126,10001.0,1642.0,45.00001609038752,0.0,0.0,0.0
2914,25,1.1283791670955126,3843.0,1643.0,45.00001609038752,0.0,0.0,0.0
2915,25,1.1283791670955126,3929.0,1643.0,45.00001609038752,0.0,0.0,0.0
2916,50,1.5957691216057308,3953.0,1643.5,0.0,2.0,0.0,0.0
2917,100,2.256758334191025,3990.25,1644.0,0.0,2.8284271247461903,1.7320508075688772,4.621320343559642
2918,550,5.292567428401227,4040.5454545454545,1646.6818181818182,59.20309492686903,7.5825278927187165,4.445387396307558,13.899494936611667
2919,25,1.1283791670955126,4080.0,1644.0,45.00001609038752,0.0,0.0,0.0
2920,225,3.385137501286538,4083.3333333333335,1644.6666666666667,-76.71750184288084,4.708788181923399,2.504347879633133,8.207106781186548
2921,50,1.5957691216057308,4098.0,1644.5,0.0,2.0,0.0,0.0
2922,650,5.753627391751592,4102.038461538462,1648.576923076923,15.581805021715613,9.003061442369484,4.267453204695869,19.65685424949238
2923,275,3.742410318509555,4144.818181818182,1645.909090909091,-33.01876731903472,5.685865648049052,2.5064919868752056,7.035533905932738
2924,1025,7.225151993843567,3956.1463414634145,1649.5365853658536,72.65441719332317,9.938617328861897,9.013881543837892,32.520815280171306
2925,25,1.1283791670955126,4034.0,1645.0,45.00001609038752,0.0,0.0,0.0
2926,25,1.1283791670955126,4096.0,1645.0,45.00001609038752,0.0,0.0,0.0
2927,350,4.222008245644752,4992.5,1648.2142857142858,-34.57278334219488,7.3907756390896635,2.6320060525770153,11.656854249492381
2928,50,1.5957691216057308,6578.0,1645.5,0.0,2.0,0.0,0.0
2929,200,3.1915382432114616,3904.0,1649.0,-2.597215382538226,6.934747438398498,1.9771894106598584,7.414213562373096
2930,25,1.1283791670955126,3931.0,1646.0,45.00001609038752,0.0,0.0,0.0
2931,25,1.1283791670955126,3988.0,1646.0,45.00001609038752,0.0,0.0,0.0
2932,25,1.1283791670955126,4048.0,1646.0,45.00001609038752,0.0,0.0,0.0
2933,275,3.742410318509555,4078.5454545454545,1647.7272727272727,33.82968811628286,5.47781719318176,3.0222532431698865,9.621320343559642
2934,25,1.1283791670955126,4086.0,1646.0,45.00001609038752,0.0,0.0,0.0
2935,775,6.282549314314218,4091.3225806451615,1650.967741935484,-9.32732631609519,9.929322074596044,4.353479976387695,22.106601717798213
2936,175,2.985410660720923,10003.142857142857,1647.4285714285713,41.57862816070677,4.505936460652527,1.964637859424638,6.414213562373095
2937,900,6.770275002573076,3987.9166666666665,1652.138888888889,-39.320507155177054,9.763454291136942,5.75709094138253,24.935028842544405
2938,1275,8.058239062071396,4033.3333333333335,1651.686274509804,8.051580008934613,10.452973688399576,7.515372484205582,32.14213562373095
2939,325,4.068428945128219,4057.6153846153848,1649.5384615384614,-38.93160169289462,6.543454845186516,2.606274380150026,11.86396103067893
2940,50,1.5957691216057308,4097.0,1647.5,0.0,2.0,0.0,0.0
2941,50,1.5957691216057308,4113.5,1647.0,90.00003218077504,2.0,0.0,0.0
2942,25,1.1283791670955126,4147.0,1647.0,45.00001609038752,0.0,0.0,0.0
2943,50,1.5957691216057308,3883.0,1648.5,0.0,2.0,0.0,0.0
2944,25,1.1283791670955126,3946.0,1648.0,45.00001609038752,0.0,0.0,0.0
2945,2354550,346.2892530851154,4141.955256843134,2084.656707226434,0.5937494915713277,947.8855493285243,226.30678311634404,3007.147545195113
2946,25,1.1283791670955126,4111.0,1648.0,45.00001609038752,0.0,0.0,0.0
2947,25,1.1283791670955126,4115.0,1648.0,45.00001609038752,0.0,0.0,0.0
2948,25,1.1283791670955126,4142.0,1648.0,45.00001609038752,0.0,0.0,0.0
2949,50,1.5957691216057308,6575.0,1648.5,0.0,2.0,0.0,0.0
2950,75,1.9544100476116797,6578.333333333333,1648.3333333333333,45.00001609038752,2.3094010767585034,1.3333333333333333,3.414213562373095
2951,75,1.9544100476116797,3886.3333333333335,1649.3333333333333,45.00001609038752,2.3094010767585034,1.3333333333333333,3.414213562373095
2952,25,1.1283791670955126,4012.0,1649.0,45.00001609038752,0.0,0.0,0.0
2953,1750,9.440697438826296,4100.085714285714,1660.2857142857142,17.84160187288628,21.389255916133106,7.741653618053462,49.21320343559643
2954,25,1.1283791670955126,4116.0,1649.0,45.00001609038752,0.0,0.0,0.0
2955,75,1.9544100476116797,4135.666666666667,1649.3333333333333,-45.00001609038752,2.3094010767585034,1.3333333333333333,3.414213562373095
2956,25,1.1283791670955126,10017.0,1649.0,45.00001609038752,0.0,0.0,0.0
2957,25,1.1283791670955126,3892.0,1650.0,45.00001609038752,0.0,0.0,0.0
2958,75,1.9544100476116797,4071.3333333333335,1650.3333333333333,45.00001609038752,2.3094010767585034,1.3333333333333333,3.414213562373095
2959,125,2.5231325220201604,4075.2,1650.8,-45.00001609038752,4.0,1.3856406460551023,5.414213562373095
2960,25,1.1283791670955126,4107.0,1650.0,45.00001609038752,0.0,0.0,0.0
2961,6925,18.77997214831907,4118.361010830325,1665.9169675090252,31.171089668043326,27.14369658809523,15.44802552517872,96.66904755831214
2962,25,1.1283791670955126,4117.0,1650.0,45.00001609038752,0.0,0.0,0.0
2963,1275,8.058239062071396,4123.431372549019,1652.9019607843138,-74.7394487278446,9.618975917461553,9.033222062936243,32.520815280171306
2964,25,1.1283791670955126,4133.0,1650.0,45.00001609038752,0.0,0.0,0.0
2965,25,1.1283791670955126,4996.0,1650.0,45.00001609038752,0.0,0.0,0.0
2966,25,1.1283791670955126,6577.0,1650.0,45.00001609038752,0.0,0.0,0.0
2967,100,2.256758334191025,10015.5,1650.5,45.00001609038752,2.0,2.0,4.0
2968,800,6.383076486422923,3885.0625,1654.78125,-25.328369544253782,13.117140165123338,6.679259606311771,28.485281374238568
2969,25,1.1283791670955126,3891.0,1651.0,45.00001609038752,0.0,0.0,0.0
2970,250,3.5682482323055424,3919.9,1653.4,5.421810900401125,7.871233743902404,2.030684453294539,9.207106781186548
2971,25,1.1283791670955126,3964.0,1651.0,45.00001609038752,0.0,0.0,0.0
2972,25,1.1283791670955126,4138.0,1651.0,45.00001609038752,0.0,0.0,0.0
2973,25,1.1283791670955126,4995.0,1651.0,45.00001609038752,0.0,0.0,0.0
2974,100,2.256758334191025,10004.75,1651.75,18.43495541459913,3.4641016151377544,1.4142135623730951,3.2071067811865475
2975,13525,26.245429958408437,3911.9353049907577,1683.7781885397412,-0.04720290420969339,78.08607397140102,12.114791815661585,199.98275605729688
2976,100,2.256758334191025,3977.75,1653.0,0.0,2.8284271247461903,1.7320508075688772,4.621320343559642
2977,150,2.763953195770684,3980.8333333333335,1654.1666666666667,-4.731162795706489,5.39192040212807,1.4276923647012265,5.414213562373095
2978,25,1.1283791670955126,4105.0,1652.0,45.00001609038752,0.0,0.0,0.0
2979,3004475,391.17343371799564,3995.445368991255,1986.5789946662894,20.270117734773297,641.9415301427881,248.72175303604615,3941.389139861705
2980,400,4.51351666838205,3904.9375,1655.75,-10.971707008530343,6.634591628255576,3.989949113244557,12.621320343559642
2981,25,1.1283791670955126,4130.0,1653.0,45.00001609038752,0.0,0.0,0.0
2982,25,1.1283791670955126,4988.0,1653.0,45.00001609038752,0.0,0.0,0.0
2983,25,1.1283791670955126,10022.0,1653.0,45.00001609038752,0.0,0.0,0.0
2984,25,1.1283791670955126,3931.0,1654.0,45.00001609038752,0.0,0.0,0.0
2985,1150,7.653039857325812,3966.2608695652175,1657.804347826087,57.05423038396422,14.289876532122781,6.270207073902472,34.520815280171306
2986,150,2.763953195770684,4103.5,1655.0,0.0,3.265986323710904,2.0,6.0
2987,175,2.985410660720923,4108.857142857143,1655.4285714285713,-10.900708640877316,3.6486656040768595,2.5058084612197162,7.242640687119286
2988,150,2.763953195770684,4989.333333333333,1655.3333333333333,45.00001609038752,3.651483716701107,2.1081851067789197,5.414213562373095
2989,1700,9.304852983362556,11671.14705882353,1659.5882352941176,-49.974190916739424,11.265170601584884,9.841780184475803,40.42031021678297
2990,25,1.1283791670955126,3930.0,1655.0,45.00001609038752,0.0,0.0,0.0
2991,50,1.5957691216057308,3946.0,1655.5,0.0,2.0,0.0,0.0
2992,1500,8.740387444736633,3957.9166666666665,1663.4333333333334,8.060725258323515,17.617102110494386,4.884208329524034,35.970562748477136
2993,75,1.9544100476116797,4038.3333333333335,1655.3333333333333,45.00001609038752,2.3094010767585034,1.3333333333333333,3.414213562373095
2994,175,2.985410660720923,4051.0,1656.2857142857142,33.40071668607108,4.796702691401646,1.7646790841090736,7.207106781186548
2995,50,1.5957691216057308,4054.5,1655.0,90.00003218077504,2.0,0.0,0.0
2996,25,1.1283791670955126,10022.0,1655.0,45.00001609038752,0.0,0.0,0.0
2997,25,1.1283791670955126,3931.0,1656.0,45.00001609038752,0.0,0.0,0.0
2998,400,4.51351666838205,3976.25,1659.4375,12.555939122597108,7.1799870153901,4.169566699170257,11.828427124746192
2999,25,1.1283791670955126,3992.0,1656.0,45.00001609038752,0.0,0.0,0.0
3000,275,3.742410318509555,4028.5454545454545,1658.6363636363637,-11.34979906189312,7.002680142405058,2.27537839846996,10.035533905932738
3001,25,1.1283791670955126,4047.0,1656.0,45.00001609038752,0.0,0.0,0.0
3002,75,1.9544100476116797,4993.0,1657.0,0.0,3.265986323710904,0.0,1.0
3003,1375,8.368283871884005,3933.6,1663.9454545454546,3.672859345868361,16.019637757662117,4.572642272576734,33.31370849898476
3004,225,3.385137501286538,3989.8888888888887,1658.111111111111,-78.01878340942224,4.0171906061502325,2.8906758369544234,8.414213562373096
3005,525,5.170882945826411,4022.809523809524,1660.6666666666667,9.458510754426896,9.371759227245072,3.767333901250098,18.48528137423857
3006,25,1.1283791670955126,10024.0,1657.0,45.00001609038752,0.0,0.0,0.0
3007,525,5.170882945826411,3983.9523809523807,1660.1904761904761,-59.76435728682492,6.349880834393247,5.328749072435965,17.44974746830583
3008,25,1.1283791670955126,4025.0,1658.0,45.00001609038752,0.0,0.0,0.0
3009,200,3.1915382432114616,4037.0,1659.75,-24.407046144227184,4.100618600451318,2.4869513653533066,7.82842712474619
3010,1075,7.399277020331919,4046.3953488372094,1662.6976744186047,48.83474325164837,13.090457381229172,5.346370631599362,31.9350288425444
3011,50,1.5957691216057308,4107.0,1658.5,0.0,2.0,0.0,0.0
3012,925,6.863662517577698,3838.0,1664.7297297297298,4.007795078588425,15.363270814625375,3.570310843407709,28.656854249492383
3013,75,1.9544100476116797,3997.6666666666665,1659.6666666666667,45.00001609038752,2.3094010767585034,1.3333333333333333,3.414213562373095
3014,25,1.1283791670955126,4103.0,1659.0,45.00001609038752,0.0,0.0,0.0
3015,375,4.370193722368317,3962.9333333333334,1664.2666666666667,-6.089370187078849,11.514245985574881,1.9527545915408422,14.0
3016,100,2.256758334191025,4031.25,1661.25,18.43495541459913,3.4641016151377544,1.4142135623730951,3.2071067811865475
3017,275,3.742410318509555,4053.818181818182,1662.3636363636363,10.757946201402264,6.0607391924267215,2.677361926909338,10.82842712474619
3018,200,3.1915382432114616,3944.375,1663.0,0.0,4.898979485566356,1.9364916731037085,8.414213562373096
3019,75,1.9544100476116797,4126.666666666667,1661.3333333333333,-45.00001609038752,2.3094010767585034,1.3333333333333333,3.414213562373095
3020,7325,19.314740138231286,4002.716723549488,1686.4470989761091,30.80521043227318,56.73410602353462,15.03651585307367,147.9177848998413
3021,100,2.256758334191025,3993.5,1663.0,-31.71748575249332,3.23606797749979,1.2360679774997898,4.414213562373095
3022,50,1.5957691216057308,4010.0,1662.5,0.0,2.0,0.0,0.0
3023,25,1.1283791670955126,4034.0,1662.0,45.00001609038752,0.0,0.0,0.0
3024,225,3.385137501286538,4039.1111111111113,1664.0,24.183238978771513,4.952443034793325,2.34478130006868,9.242640687119284
3025,50,1.5957691216057308,11665.0,1662.5,0.0,2.0,0.0,0.0
3026,150,2.763953195770684,3998.0,1663.5,90.00003218077504,3.265986323710904,2.0,6.0
3027,25,1.1283791670955126,4026.0,1663.0,45.00001609038752,0.0,0.0,0.0
3028,225,3.385137501286538,4029.0,1665.2222222222222,-17.34758296848882,5.465863594190293,2.211281815705678,9.207106781186548
3029,25,1.1283791670955126,4035.0,1663.0,45.00001609038752,0.0,0.0,0.0
3030,2425,11.11324596323283,3971.6494845360826,1678.1546391752577,19.914812074418276,31.693532186991277,9.654680977952335,77.21320343559643
3031,175,2.985410660720923,3975.714285714286,1665.5714285714287,9.615339625930318,5.672452304781605,1.5606183863895253,6.0
3032,150,2.763953195770684,4012.5,1665.0,50.30984562706919,4.8496611975202075,1.3468925727763872,6.414213562373095
3033,200,3.1915382432114616,4019.0,1665.5,0.0,3.4641016151377544,2.8284271247461903,7.65685424949238
3034,25,1.1283791670955126,4036.0,1664.0,45.00001609038752,0.0,0.0,0.0
3035,25,1.1283791670955126,4128.0,1664.0,45.00001609038752,0.0,0.0,0.0
3036,75,1.9544100476116797,3996.0,1666.0,0.0,3.265986323710904,0.0,1.0
3037,125,2.5231325220201604,4008.8,1665.8,45.00001609038752,4.0,1.3856406460551023,5.414213562373095
3038,25,1.1283791670955126,4015.0,1665.0,45.00001609038752,0.0,0.0,0.0
3039,400,4.51351666838205,4032.125,1667.6875,-27.61109418955243,7.785714213446523,2.9274825681012664,14.242640687119284
3040,50,1.5957691216057308,4043.0,1665.5,0.0,2.0,0.0,0.0
3041,25,1.1283791670955126,11662.0,1665.0,45.00001609038752,0.0,0.0,0.0
3042,375,4.370193722368317,3972.4666666666667,1669.7333333333333,1.5899156284287717,8.701579641278252,1.9816549121722193,15.207106781186548
3043,700,5.970821321441846,3980.25,1673.142857142857,13.4172926121254,14.716169433218052,2.994155884004137,23.86396103067893
3044,100,2.256758334191025,3982.75,1666.25,-71.5650767661759,3.4641016151377544,1.4142135623730951,3.2071067811865475
3045,1075,7.399277020331919,4023.906976744186,1672.3255813953488,-1.7170852521122428,16.94930696576896,5.490200560609032,32.69238815542512
3046,125,2.5231325220201604,4107.8,1667.2,-45.00001609038752,4.0,1.3856406460551023,5.414213562373095
3047,100,2.256758334191025,10002.0,1666.25,90.00003218077504,2.8284271247461903,1.7320508075688772,4.621320343559642
3048,3225,12.815923738491737,4013.860465116279,1676.2248062015503,8.346936990715836,18.829314823315432,9.769214578756262,52.66295090390226
3049,175,2.985410660720923,4037.0,1668.0,45.00001609038752,3.7032803990902057,2.138089935299395,6.82842712474619
3050,25,1.1283791670955126,4042.0,1667.0,45.00001609038752,0.0,0.0,0.0
3051,400,4.51351666838205,4054.125,1670.25,-14.074104956324964,7.591598802236233,3.6218265593323755,15.106601717798213
3052,75,1.9544100476116797,4075.0,1668.0,0.0,3.265986323710904,0.0,1.0
3053,25,1.1283791670955126,8079.0,1667.0,45.00001609038752,0.0,0.0,0.0
3054,25,1.1283791670955126,8087.0,1667.0,45.00001609038752,0.0,0.0,0.0
3055,25,1.1283791670955126,3998.0,1668.0,45.00001609038752,0.0,0.0,0.0
3056,175,2.985410660720923,4072.4285714285716,1670.142857142857,14.678882020035983,5.133805351608394,1.5423153015346875,6.207106781186548
3057,25,1.1283791670955126,8078.0,1668.0,45.00001609038752,0.0,0.0,0.0
3058,23100,34.29975713230766,10021.621212121212,1707.991341991342,4.929684831493093,62.0669614190918,19.96559175027676,157.70458146424488
3059,75,1.9544100476116797,11663.0,1669.0,0.0,3.265986323710904,0.0,1.0
3060,550,5.292567428401227,3985.5454545454545,1671.4545454545455,50.5085738694443,7.154693770087656,4.554584652170773,17.863961030678926
3061,100,2.256758334191025,4040.5,1669.5,45.00001609038752,2.0,2.0,4.0
3062,275,3.742410318509555,4047.181818181818,1670.2727272727273,65.5380787726837,7.604511978047094,2.4304186400332197,10.621320343559642
3063,25,1.1283791670955126,4051.0,1669.0,45.00001609038752,0.0,0.0,0.0
3064,125,2.5231325220201604,4057.6,1670.2,-18.43495541459913,3.098386676965933,1.7888543819998317,5.207106781186548
3065,50,1.5957691216057308,3969.0,1670.5,0.0,2.0,0.0,0.0
3066,1725,9.373021315815206,3902.014492753623,1678.2028985507247,-4.068860452508297,14.516202511683154,6.80007406260409,37.349242404917504
3067,25,1.1283791670955126,3976.0,1671.0,45.00001609038752,0.0,0.0,0.0
3068,1850,9.706684619910241,4027.635135135135,1679.7162162162163,-42.192501592576534,26.676266062983785,5.971681333659582,52.49137802864844
3069,25,1.1283791670955126,4038.0,1671.0,45.00001609038752,0.0,0.0,0.0
3070,25,1.1283791670955126,4098.0,1671.0,45.00001609038752,0.0,0.0,0.0
3071,100,2.256758334191025,4986.5,1671.5,45.00001609038752,2.0,2.0,4.0
3072,75,1.9544100476116797,4059.6666666666665,1672.6666666666667,45.00001609038752,2.3094010767585034,1.3333333333333333,3.414213562373095
3073,400,4.51351666838205,4093.625,1674.9375,-2.368426482905801,6.855244016871617,3.7004228770703897,14.863961030678928
3074,25,1.1283791670955126,5631.0,1672.0,45.00001609038752,0.0,0.0,0.0
3075,1100,7.48482063701911,3920.8636363636365,1681.659090909091,10.621072950750662,18.49638347535551,3.316549534069163,33.48528137423857
3076,875,6.6755811781245455,3964.057142857143,1678.8857142857144,16.153587254021744,18.69627657147216,4.912318700581473,28.65685424949238
3077,25,1.1283791670955126,4111.0,1673.0,45.00001609038752,0.0,0.0,0.0
3078,43625,47.136005405240475,6575.447564469914,1706.5335243553009,-1.1893054044939781,69.30144685654493,32.78581066302215,187.9177848998413
3079,25,1.1283791670955126,3837.0,1674.0,45.00001609038752,0.0,0.0,0.0
3080,450,4.787307364817192,3990.5,1678.0,0.0,10.327955589886445,2.0,18.0
3081,150,2.763953195770684,4006.6666666666665,1675.8333333333333,32.24307631519748,4.93861174764721,1.6496136266144523,5.207106781186548
3082,25,1.1283791670955126,4058.0,1674.0,45.00001609038752,0.0,0.0,0.0
3083,25,1.1283791670955126,4073.0,1674.0,45.00001609038752,0.0,0.0,0.0
3084,75,1.9544100476116797,3838.0,1676.0,0.0,3.265986323710904,0.0,1.0
3085,650,5.753627391751592,3957.9615384615386,1684.7692307692307,5.850315574069874,22.339943558061126,1.6794085110251258,25.414213562373092
3086,25,1.1283791670955126,4128.0,1675.0,45.00001609038752,0.0,0.0,0.0
3087,50,1.5957691216057308,5002.0,1675.5,0.0,2.0,0.0,0.0
3088,25,1.1283791670955126,3971.0,1676.0,45.00001609038752,0.0,0.0,0.0
3089,25,1.1283791670955126,3985.0,1676.0,45.00001609038752,0.0,0.0,0.0
3090,25,1.1283791670955126,3987.0,1676.0,45.00001609038752,0.0,0.0,0.0
3091,50,1.5957691216057308,4065.0,1676.5,0.0,2.0,0.0,0.0
3092,50,1.5957691216057308,4074.0,1676.5,0.0,2.0,0.0,0.0
3093,100,2.256758334191025,4130.0,1676.5,58.28254642828171,3.23606797749979,1.2360679774997898,4.414213562373095
3094,50,1.5957691216057308,1797.0,1677.5,0.0,2.0,0.0,0.0
3095,50,1.5957691216057308,3998.5,1677.0,90.00003218077504,2.0,0.0,0.0
3096,50,1.5957691216057308,4053.0,1677.5,0.0,2.0,0.0,0.0
3097,125,2.5231325220201604,4115.2,1678.6,5.152425076704936,4.093338188813543,1.5635160606788383,4.414213562373095
3098,25,1.1283791670955126,11663.0,1677.0,45.00001609038752,0.0,0.0,0.0
3099,50,1.5957691216057308,3972.0,1678.5,0.0,2.0,0.0,0.0
3100,50,1.5957691216057308,3986.0,1678.5,0.0,2.0,0.0,0.0
3101,550,5.292567428401227,4004.5454545454545,1682.590909090909,4.762722400718992,11.06653367583661,3.0004844245120723,19.82842712474619
3102,425,4.652426491681278,4073.294117647059,1681.5882352941176,19.6447104554922,8.053991284698514,2.865799916443378,13.242640687119284
3103,25,1.1283791670955126,4129.0,1678.0,45.00001609038752,0.0,0.0,0.0
3104,50,1.5957691216057308,4087.5,1679.0,90.00003218077504,2.0,0.0,0.0
3105,25,1.1283791670955126,4127.0,1679.0,45.00001609038752,0.0,0.0,0.0
3106,25,1.1283791670955126,3960.0,1680.0,45.00001609038752,0.0,0.0,0.0
3107,25,1.1283791670955126,3984.0,1680.0,45.00001609038752,0.0,0.0,0.0
3108,25,1.1283791670955126,4089.0,1680.0,45.00001609038752,0.0,0.0,0.0
3109,2500,11.283791670955125,4128.33,1686.21,27.995506205240243,15.661523330435903,11.154760731195083,51.04163056034261
3110,1800,9.574614729634384,3980.402777777778,1690.8194444444443,6.790397722685538,27.084521193059448,7.701391289377288,61.935028842544405
3111,25,1.1283791670955126,3985.0,1681.0,45.00001609038752,0.0,0.0,0.0
3112,75,1.9544100476116797,3986.6666666666665,1681.6666666666667,45.00001609038752,2.3094010767585034,1.3333333333333333,3.414213562373095
3113,150,2.763953195770684,3994.6666666666665,1682.1666666666667,12.93318302148842,4.363338213437162,1.65500979239906,5.0
3114,25,1.1283791670955126,4020.0,1681.0,45.00001609038752,0.0,0.0,0.0
3115,1125,7.569397566060481,4095.4,1686.5333333333333,24.203063368664015,15.132227885497128,4.9164249996250975,30.27817459305202
3116,25,1.1283791670955126,1798.0,1682.0,45.00001609038752,0.0,0.0,0.0
3117,625,5.641895835477563,3926.36,1688.12,-10.28877646962047,12.26397692653178,4.7592930089978855,22.449747468305834
3118,750,6.180387232371033,3962.4333333333334,1688.9,8.322192038784916,14.878742424120635,2.8269971286794364,25.82842712474619
3119,225,3.385137501286538,1800.0,1686.0,22.50000804519376,7.88478847722791,1.3528158298061022,7.0
3120,25,1.1283791670955126,3988.0,1683.0,45.00001609038752,0.0,0.0,0.0
3121,50,1.5957691216057308,3930.0,1684.5,0.0,2.0,0.0,0.0
3122,25,1.1283791670955126,3989.0,1684.0,45.00001609038752,0.0,0.0,0.0
3123,3625,13.58748446131949,3990.8551724137933,1693.5862068965516,1.669803026372461,16.1164079310985,12.947639615667889,59.14823227814083
3124,25,1.1283791670955126,5663.0,1684.0,45.00001609038752,0.0,0.0,0.0
3125,25,1.1283791670955126,3838.0,1685.0,45.00001609038752,0.0,0.0,0.0
3126,150,2.763953195770684,3986.5,1686.0,0.0,3.265986323710904,2.0,6.0
3127,25,1.1283791670955126,4994.0,1685.0,45.00001609038752,0.0,0.0,0.0
3128,25,1.1283791670955126,3837.0,1686.0,45.00001609038752,0.0,0.0,0.0
3129,25,1.1283791670955126,4009.0,1686.0,45.00001609038752,0.0,0.0,0.0
3130,125,2.5231325220201604,4073.4,1687.2,18.43495541459913,3.098386676965933,1.7888543819998317,5.207106781186548
3131,3293450,409.55345334195493,1992.4996128679652,1929.4618788808089,38.91050886426712,519.5935749479967,337.02647096150804,2633.028750168495
3132,775,6.282549314314218,3902.8387096774195,1693.8064516129032,7.334876905757284,15.879646729314533,2.732466340432751,26.656854249492383
3133,50,1.5957691216057308,3971.0,1687.5,0.0,2.0,0.0,0.0
3134,50,1.5957691216057308,4018.0,1687.5,0.0,2.0,0.0,0.0
3135,50,1.5957691216057308,3995.0,1688.5,0.0,2.0,0.0,0.0
3136,25,1.1283791670955126,4092.0,1689.0,45.00001609038752,0.0,0.0,0.0
3137,100,2.256758334191025,3967.0,1691.5,0.0,4.47213595499958,0.0,2.0
3138,1150,7.653039857325812,4000.5,1701.6521739130435,0.3747982591534831,28.312129254640627,1.9914492586575618,45.0
3139,25,1.1283791670955126,4093.0,1690.0,45.00001609038752,0.0,0.0,0.0
3140,50,1.5957691216057308,10365.5,1690.0,90.00003218077504,2.0,0.0,0.0
3141,450,4.787307364817192,3918.5555555555557,1694.3333333333333,-0.2527690286215991,8.743326118162653,3.046743089461791,16.86396103067893
3142,225,3.385137501286538,3971.222222222222,1692.5555555555557,26.82628048767057,5.529766552444418,2.140601715085615,8.035533905932738
3143,25,1.1283791670955126,10358.0,1691.0,45.00001609038752,0.0,0.0,0.0
3144,25,1.1283791670955126,4134.0,1692.0,45.00001609038752,0.0,0.0,0.0
3145,25,1.1283791670955126,4145.0,1693.0,45.00001609038752,0.0,0.0,0.0
3146,650,5.753627391751592,3922.076923076923,1702.1153846153845,5.666124549412855,16.769871524697894,2.6606580676251865,22.82842712474619
3147,725,6.076507779746499,3968.344827586207,1700.551724137931,0.7226356647901879,15.673242175422217,2.404888114846536,24.621320343559642
3148,25,1.1283791670955126,4017.0,1695.0,45.00001609038752,0.0,0.0,0.0
3149,100,2.256758334191025,4136.5,1696.0,31.71748575249332,3.23606797749979,1.2360679774997898,4.414213562373095
3150,50,1.5957691216057308,10366.5,1695.0,90.00003218077504,2.0,0.0,0.0
3151,1150,7.653039857325812,3962.7391304347825,1702.0217391304348,3.6289150656021905,13.196932202638571,4.903969815105689,27.899494936611664
3152,1867950,308.4378580906078,8857.947054257342,1847.102558955004,-61.54790969674969,362.56408548148625,283.0352248209826,1330.1828996322963
3153,225,3.385137501286538,3996.0,1701.7777777777778,0.0,7.248669524577817,1.8856180831641267,7.242640687119285
3154,25,1.1283791670955126,10372.0,1699.0,45.00001609038752,0.0,0.0,0.0
3155,225,3.385137501286538,3979.5555555555557,1702.7777777777778,4.731162795706488,5.274258481434536,1.946056459258261,9.207106781186548
3156,25,1.1283791670955126,4016.0,1703.0,45.00001609038752,0.0,0.0,0.0
3157,100,2.256758334191025,3919.0,1705.5,0.0,4.47213595499958,0.0,2.0
3158,250,3.5682482323055424,4141.7,1706.0,13.354509834667477,5.789587707837038,2.2451445773629537,10.207106781186548
3159,200,3.1915382432114616,3837.0,1708.5,0.0,9.16515138991168,0.0,6.0
3160,2125,10.403141895720198,5116.8,1712.8235294117646,-35.18779909131386,21.850633908202923,6.8255401619017855,49.2842712474619
3161,550,5.292567428401227,4006.1363636363635,1710.5,8.111648852215628,10.665895808077273,2.6518022250898947,19.035533905932738
3162,1600,9.0270333367641,3902.5625,1712.90625,-6.0901671111027476,12.28697178561778,7.233754166367049,34.14213562373095
3163,25,1.1283791670955126,3965.0,1707.0,45.00001609038752,0.0,0.0,0.0
3164,25,1.1283791670955126,3997.0,1707.0,45.00001609038752,0.0,0.0,0.0
3165,25,1.1283791670955126,5134.0,1707.0,45.00001609038752,0.0,0.0,0.0
3166,25,1.1283791670955126,10362.0,1707.0,45.00001609038752,0.0,0.0,0.0
3167,25,1.1283791670955126,3920.0,1708.0,45.00001609038752,0.0,0.0,0.0
3168,25,1.1283791670955126,5131.0,1708.0,45.00001609038752,0.0,0.0,0.0
3169,50,1.5957691216057308,5139.5,1708.0,90.00003218077504,2.0,0.0,0.0
3170,25,1.1283791670955126,10361.0,1708.0,45.00001609038752,0.0,0.0,0.0
3171,525,5.170882945826411,3969.7619047619046,1712.8095238095239,0.7193166043331016,8.607914329462329,3.242147536310464,16.65685424949238
3172,25,1.1283791670955126,5130.0,1709.0,45.00001609038752,0.0,0.0,0.0
3173,25,1.1283791670955126,5141.0,1709.0,45.00001609038752,0.0,0.0,0.0
3174,2475,11.227230955528665,3967.3030303030305,1727.949494949495,4.0795080777167465,40.69879138548772,7.35515667852503,73.14213562373095
3175,100,2.256758334191025,4983.5,1710.5,45.00001609038752,2.0,2.0,4.0
3176,25,1.1283791670955126,5125.0,1710.0,45.00001609038752,0.0,0.0,0.0
3177,25,1.1283791670955126,5142.0,1710.0,45.00001609038752,0.0,0.0,0.0
3178,25,1.1283791670955126,5124.0,1711.0,45.00001609038752,0.0,0.0,0.0
3179,550,5.292567428401227,3950.4545454545455,1717.8636363636363,-1.5547683111540855,14.442316080433084,1.9535097767198462,22.414213562373096
3180,25,1.1283791670955126,5123.0,1712.0,45.00001609038752,0.0,0.0,0.0
3181,25,1.1283791670955126,5156.0,1713.0,45.00001609038752,0.0,0.0,0.0
3182,25,1.1283791670955126,5121.0,1714.0,45.00001609038752,0.0,0.0,0.0
3183,25,1.1283791670955126,5120.0,1715.0,45.00001609038752,0.0,0.0,0.0
3184,50,1.5957691216057308,3999.0,1716.5,0.0,2.0,0.0,0.0
3185,600,5.527906391541368,4002.4583333333335,1722.4583333333333,1.1684867724399168,14.096804934456534,1.9726129247759112,23.0
3186,50,1.5957691216057308,4008.0,1716.5,0.0,2.0,0.0,0.0
3187,25,1.1283791670955126,5119.0,1716.0,45.00001609038752,0.0,0.0,0.0
3188,25,1.1283791670955126,9950.0,1716.0,45.00001609038752,0.0,0.0,0.0
3189,25,1.1283791670955126,3838.0,1717.0,45.00001609038752,0.0,0.0,0.0
3190,25,1.1283791670955126,4005.0,1717.0,45.00001609038752,0.0,0.0,0.0
3191,25,1.1283791670955126,3907.0,1718.0,45.00001609038752,0.0,0.0,0.0
3192,100,2.256758334191025,4006.25,1719.0,0.0,2.8284271247461903,1.7320508075688772,4.621320343559642
3193,25,1.1283791670955126,3908.0,1719.0,45.00001609038752,0.0,0.0,0.0
3194,25,1.1283791670955126,4009.0,1719.0,45.00001609038752,0.0,0.0,0.0
3195,25,1.1283791670955126,3841.0,1720.0,45.00001609038752,0.0,0.0,0.0
3196,25,1.1283791670955126,3909.0,1720.0,45.00001609038752,0.0,0.0,0.0
3197,25,1.1283791670955126,4010.0,1720.0,45.00001609038752,0.0,0.0,0.0
3198,25,1.1283791670955126,4027.0,1720.0,45.00001609038752,0.0,0.0,0.0
3199,300,3.9088200952233594,4150.166666666667,1722.4166666666667,-17.13685889446187,5.176698236986772,2.9404489126020366,10.82842712474619
3200,25,1.1283791670955126,3840.0,1721.0,45.00001609038752,0.0,0.0,0.0
3201,25,1.1283791670955126,3910.0,1721.0,45.00001609038752,0.0,0.0,0.0
3202,3025,12.412170838050638,4009.5123966942147,1748.1404958677685,1.3489632211887028,48.54295455567774,4.184640082432864,85.9350288425444
3203,25,1.1283791670955126,4024.0,1721.0,45.00001609038752,0.0,0.0,0.0
3204,25,1.1283791670955126,4148.0,1721.0,45.00001609038752,0.0,0.0,0.0
3205,2650,11.617374563210365,3914.188679245283,1737.566037735849,13.630906822867635,26.936175997600905,8.751885626192289,71.17766952966369
3206,75,1.9544100476116797,4161.666666666667,1722.3333333333333,-45.00001609038752,2.3094010767585034,1.3333333333333333,3.414213562373095
3207,125,2.5231325220201604,3841.0,1725.0,0.0,5.656854249492381,0.0,3.0
3208,125,2.5231325220201604,4157.6,1723.8,-84.84760710407011,4.093338188813542,1.563516060678838,4.414213562373095
3209,370100,137.29179953755195,6617.019724398811,1804.4486625236423,23.454553185455026,149.60227781902628,129.418254815168,509.87214972614186
3210,1025,7.225151993843567,4005.4146341463415,1732.9512195121952,2.4897381621880657,15.617151952563137,4.5423366102085,31.106601717798213
3211,25,1.1283791670955126,5116.0,1724.0,45.00001609038752,0.0,0.0,0.0
3212,750,6.180387232371033,3983.0666666666666,1732.3,8.848093308338608,12.179151002258228,4.134066168606232,23.27817459305202
3213,100,2.256758334191025,5114.75,1726.25,-18.43495541459913,3.4641016151377544,1.4142135623730951,3.2071067811865475
3214,75,1.9544100476116797,3951.0,1727.0,0.0,3.265986323710904,0.0,1.0
3215,275,3.742410318509555,3965.4545454545455,1729.7272727272727,3.0577528764851722,6.410747983365109,1.9649396885733192,11.207106781186548
3216,25,1.1283791670955126,3840.0,1729.0,45.00001609038752,0.0,0.0,0.0
3217,15626600,892.1077304845753,7391.630204267083,2331.070845545416,62.69789835877128,1034.2492295219788,850.7921218467466,4411.561938226236
3218,175,2.985410660720923,3841.4285714285716,1731.2857142857142,-8.34962510252249,4.155374705678736,1.9054711331003737,7.207106781186548
3219,375,4.370193722368317,3916.133333333333,1732.3333333333333,0.8090475556550403,5.963268946242257,3.2213663642250534,11.621320343559642
3220,25,1.1283791670955126,3950.0,1730.0,45.00001609038752,0.0,0.0,0.0
3221,25,1.1283791670955126,9943.0,1730.0,45.00001609038752,0.0,0.0,0.0
3222,250,3.5682482323055424,3951.4,1733.5,0.0,6.0,1.959591794226542,10.414213562373096
3223,100,2.256758334191025,5137.5,1732.0,31.71748575249332,3.23606797749979,1.2360679774997898,4.414213562373095
3224,975,7.046725639945928,5166.4358974358975,1739.7179487179487,33.0542946079696,20.032709523774898,3.4667885386657735,33.55634918610404
3225,25,1.1283791670955126,5135.0,1732.0,45.00001609038752,0.0,0.0,0.0
3226,450,4.787307364817192,3839.8888888888887,1738.1666666666667,13.378663869667376,9.278908008293111,3.7019366971136094,14.82842712474619
3227,25,1.1283791670955126,5133.0,1733.0,45.00001609038752,0.0,0.0,0.0
3228,25,1.1283791670955126,5132.0,1734.0,45.00001609038752,0.0,0.0,0.0
3229,175,2.985410660720923,5134.857142857143,1735.4285714285713,-41.578628160706764,4.505936460652527,1.964637859424637,6.414213562373095
3230,50,1.5957691216057308,3842.0,1735.5,0.0,2.0,0.0,0.0
3231,25,1.1283791670955126,4023.0,1735.0,45.00001609038752,0.0,0.0,0.0
3232,100,2.256758334191025,4026.0,1735.5,58.28254642828171,3.23606797749979,1.2360679774997898,4.414213562373095
3233,25,1.1283791670955126,4022.0,1736.0,45.00001609038752,0.0,0.0,0.0
3234,25,1.1283791670955126,9947.0,1736.0,45.00001609038752,0.0,0.0,0.0
3235,75,1.9544100476116797,3952.0,1739.0,0.0,3.265986323710904,0.0,1.0
3236,25,1.1283791670955126,3843.0,1741.0,45.00001609038752,0.0,0.0,0.0
3237,25,1.1283791670955126,3951.0,1741.0,45.00001609038752,0.0,0.0,0.0
3238,25,1.1283791670955126,3953.0,1741.0,45.00001609038752,0.0,0.0,0.0
3239,6000,17.480774889473267,3966.570833333333,1758.8708333333334,6.5876122200064415,36.54626241112522,10.612421097702166,92.31980515339464
3240,400,4.51351666838205,3841.625,1746.75,3.839483276545497,10.747248050446096,1.8018488677418483,15.0
3241,100,2.256758334191025,3994.5,1744.0,-31.71748575249332,3.23606797749979,1.2360679774997898,4.414213562373095
3242,25,1.1283791670955126,4027.0,1745.0,45.00001609038752,0.0,0.0,0.0
3243,25,1.1283791670955126,4029.0,1745.0,45.00001609038752,0.0,0.0,0.0
3244,50,1.5957691216057308,6626.0,1745.5,0.0,2.0,0.0,0.0
3245,25,1.1283791670955126,9959.0,1746.0,45.00001609038752,0.0,0.0,0.0
3246,275,3.742410318509555,3995.2727272727275,1751.3636363636363,-1.4741258880607593,8.051970105292165,1.7699490309728143,9.0
3247,669625,184.6719285807438,8676.373007280194,1915.447638603696,9.726721218424695,385.91436126449645,101.72037874875738,867.5533905932738
3248,50,1.5957691216057308,3839.0,1750.5,0.0,2.0,0.0,0.0
3249,25,1.1283791670955126,5118.0,1750.0,45.00001609038752,0.0,0.0,0.0
3250,1400,8.444016491289505,3993.0714285714284,1757.5,42.94557364307225,15.341438479114272,5.902910047104319,39.45584412271571
3251,25,1.1283791670955126,4006.0,1751.0,45.00001609038752,0.0,0.0,0.0
3252,25,1.1283791670955126,9403.0,1751.0,45.00001609038752,0.0,0.0,0.0
3253,50,1.5957691216057308,3916.0,1752.5,0.0,2.0,0.0,0.0
3254,25,1.1283791670955126,5119.0,1752.0,45.00001609038752,0.0,0.0,0.0
3255,25,1.1283791670955126,3840.0,1753.0,45.00001609038752,0.0,0.0,0.0
3256,50,1.5957691216057308,4006.0,1753.5,0.0,2.0,0.0,0.0
3257,100,2.256758334191025,5104.0,1753.75,90.00003218077504,2.8284271247461903,1.7320508075688772,4.621320343559642
3258,50,1.5957691216057308,3841.0,1754.5,0.0,2.0,0.0,0.0
3259,25,1.1283791670955126,9420.0,1754.0,45.00001609038752,0.0,0.0,0.0
3260,275,3.742410318509555,3916.4545454545455,1758.0,-4.826894770192264,7.459303905143905,1.8969593227564192,11.414213562373096
3261,25,1.1283791670955126,9397.0,1755.0,45.00001609038752,0.0,0.0,0.0
3262,100,2.256758334191025,3841.75,1757.0,0.0,2.8284271247461903,1.7320508075688772,4.621320343559642
3263,25,1.1283791670955126,4033.0,1756.0,45.00001609038752,0.0,0.0,0.0
3264,25,1.1283791670955126,9396.0,1756.0,45.00001609038752,0.0,0.0,0.0
3265,475,4.918490759365935,3839.3684210526317,1761.0,4.47564303193133,9.738742666273374,2.871986076304836,17.621320343559642
3266,75,1.9544100476116797,4006.0,1758.0,0.0,3.265986323710904,0.0,1.0
3267,25,1.1283791670955126,9395.0,1757.0,45.00001609038752,0.0,0.0,0.0
3268,50,1.5957691216057308,3842.0,1760.5,0.0,2.0,0.0,0.0
3269,250,3.5682482323055424,4034.6,1761.8,-4.065052630594628,5.0050940849486345,2.636101894998027,9.035533905932738
3270,100,2.256758334191025,5111.5,1761.5,45.00001609038752,2.0,2.0,4.0
3271,2564700,361.4126428547995,351.7890981401334,1941.3311205989005,-3.325214152668416,398.69636036585973,341.9844761590598,1333.1412690719537
3272,25,1.1283791670955126,4037.0,1763.0,45.00001609038752,0.0,0.0,0.0
3273,750,6.180387232371033,3996.766666666667,1771.3666666666666,0.4908038440874198,13.043284936558084,3.212034014172546,25.071067811865476
3274,200,3.1915382432114616,4036.375,1767.375,8.677015420719343,5.321869122843981,1.7826129808008924,7.0
3275,25,1.1283791670955126,3842.0,1766.0,45.00001609038752,0.0,0.0,0.0
3276,25,1.1283791670955126,4013.0,1767.0,45.00001609038752,0.0,0.0,0.0
3277,25,1.1283791670955126,5117.0,1767.0,45.00001609038752,0.0,0.0,0.0
3278,50,1.5957691216057308,5118.0,1768.5,0.0,2.0,0.0,0.0
3279,575,5.4115163798060095,3964.391304347826,1776.0869565217392,1.597883924497764,14.447634153774572,1.9108900096572417,22.207106781186546
3280,75,1.9544100476116797,4013.6666666666665,1769.6666666666667,45.00001609038752,2.3094010767585034,1.3333333333333333,3.414213562373095
3281,250,3.5682482323055424,5114.7,1770.9,-10.4622546133866,4.585203148326627,3.0620111182971854,9.035533905932738
3282,450,4.787307364817192,4009.0,1773.0555555555557,-18.84633150674739,9.065377832930405,4.267784726835351,16.449747468305834
3283,25,1.1283791670955126,4015.0,1771.0,45.00001609038752,0.0,0.0,0.0
3284,865375,209.93614943836533,6154.810631229236,1837.3629929221436,-80.75450405407011,349.35427079516364,161.3636819370999,1057.033621333629
3285,125,2.5231325220201604,3960.8,1774.4,5.1524250767049375,4.093338188813542,1.563516060678838,4.414213562373095
3286,500,5.046265044040321,4012.8,1776.75,-8.306476769107224,9.63078373890316,2.967828258925788,14.828427124746192
3287,25,1.1283791670955126,5118.0,1773.0,45.00001609038752,0.0,0.0,0.0
3288,25,1.1283791670955126,5121.0,1774.0,45.00001609038752,0.0,0.0,0.0
3289,275,3.742410318509555,3958.4545454545455,1778.0,0.0,6.605782590758164,2.6222191094283556,9.242640687119286
3290,25,1.1283791670955126,3999.0,1776.0,45.00001609038752,0.0,0.0,0.0
3291,250,3.5682482323055424,5116.5,1776.9,71.77456407421239,6.278890666435926,2.1013167298015336,10.414213562373096
3292,225,3.385137501286538,3840.6666666666665,1779.0,7.627562078870795,6.586417573021535,1.685623260404093,8.0
3293,950,6.955796338302048,3978.9210526315787,1785.657894736842,2.8407891896202497,19.12436242128902,2.9508499524361254,29.86396103067893
3294,25,1.1283791670955126,3994.0,1778.0,45.00001609038752,0.0,0.0,0.0
3295,600,5.527906391541368,3998.7916666666665,1784.9166666666667,7.477445487788466,14.632383649440516,2.102647500976703,23.207106781186546
3296,100,2.256758334191025,4009.0,1780.5,0.0,4.47213595499958,0.0,2.0
3297,50,1.5957691216057308,5115.0,1779.5,0.0,2.0,0.0,0.0
3298,100,2.256758334191025,3961.0,1781.5,0.0,4.47213595499958,0.0,2.0
3299,25,1.1283791670955126,5123.0,1780.0,45.00001609038752,0.0,0.0,0.0
3300,25,1.1283791670955126,4044.0,1781.0,45.00001609038752,0.0,0.0,0.0
3301,400,4.51351666838205,4010.9375,1786.125,13.173187739085723,6.756603430613973,3.0059624218235816,13.035533905932738
3302,75,1.9544100476116797,5124.666666666667,1783.3333333333333,-45.00001609038752,2.3094010767585034,1.3333333333333333,3.414213562373095
3303,25,1.1283791670955126,5128.0,1784.0,45.00001609038752,0.0,0.0,0.0
3304,25,1.1283791670955126,3963.0,1785.0,45.00001609038752,0.0,0.0,0.0
3305,100,2.256758334191025,4044.5,1786.0,31.71748575249332,3.23606797749979,1.2360679774997898,4.414213562373095
3306,25,1.1283791670955126,5136.0,1785.0,45.00001609038752,0.0,0.0,0.0
3307,500,5.046265044040321,5140.05,1788.2,45.614307034408654,8.712491335121548,3.257682417828958,13.485281374238571
3308,50,1.5957691216057308,5125.5,1786.0,90.00003218077504,2.0,0.0,0.0
3309,1575,8.95623198216277,5138.206349206349,1794.984126984127,34.64119800977298,21.013427279041817,4.353953609453013,45.2842712474619
3310,25,1.1283791670955126,7836.0,1788.0,45.00001609038752,0.0,0.0,0.0
3311,75,1.9544100476116797,5130.333333333333,1791.3333333333333,45.00001609038752,2.3094010767585034,1.3333333333333333,3.414213562373095
3312,25,1.1283791670955126,5175.0,1791.0,45.00001609038752,0.0,0.0,0.0
3313,25,1.1283791670955126,5121.0,1792.0,45.00001609038752,0.0,0.0,0.0
3314,200,3.1915382432114616,3998.5,1794.5,58.28254642828171,4.994424081913666,2.65626205220811,8.621320343559642
3315,400,4.51351666838205,4003.25,1796.25,4.731162795706488,8.21059149218198,2.566356824081348,14.242640687119284
3316,25,1.1283791670955126,5133.0,1793.0,45.00001609038752,0.0,0.0,0.0
3317,25,1.1283791670955126,5142.0,1793.0,45.00001609038752,0.0,0.0,0.0
3318,25,1.1283791670955126,5174.0,1793.0,45.00001609038752,0.0,0.0,0.0
3319,225,3.385137501286538,5131.444444444444,1796.111111111111,1.9070380990334228,5.797683349886702,1.9793261408816318,9.207106781186548
3320,6950,18.81384047546846,5157.021582733813,1805.9244604316548,64.6986118413261,26.318783648099192,16.527278426466626,82.66904755831214
3321,75,1.9544100476116797,5161.0,1795.0,90.00003218077504,3.265986323710904,0.0,1.0
3322,384175,139.8780614819395,8143.257239539273,1881.2265894449145,6.291884446802318,185.55317962548088,108.55283603717515,518.9604614807104
3323,940675,218.87938310802588,701.6922156961756,1942.0993435564887,-18.05997832671337,270.9618987840458,182.26874537537108,796.4406922210657
3324,725,6.076507779746499,4050.206896551724,1800.551724137931,18.508064891644132,10.79323205529525,4.253090819060004,18.27817459305202
3325,25,1.1283791670955126,5149.0,1796.0,45.00001609038752,0.0,0.0,0.0
3326,25,1.1283791670955126,5159.0,1796.0,45.00001609038752,0.0,0.0,0.0
3327,25,1.1283791670955126,5173.0,1796.0,45.00001609038752,0.0,0.0,0.0
3328,125,2.5231325220201604,3996.4,1797.8,-18.43495541459913,3.098386676965933,1.7888543819998317,5.207106781186548
3329,25,1.1283791670955126,5135.0,1797.0,45.00001609038752,0.0,0.0,0.0
3330,25,1.1283791670955126,5151.0,1797.0,45.00001609038752,0.0,0.0,0.0
3331,75,1.9544100476116797,5169.333333333333,1797.3333333333333,45.00001609038752,2.3094010767585034,1.3333333333333333,3.414213562373095
3332,25,1.1283791670955126,5172.0,1797.0,45.00001609038752,0.0,0.0,0.0
3333,25,1.1283791670955126,5136.0,1798.0,45.00001609038752,0.0,0.0,0.0
3334,50,1.5957691216057308,5156.5,1798.0,90.00003218077504,2.0,0.0,0.0
3335,50,1.5957691216057308,5167.5,1799.0,90.00003218077504,2.0,0.0,0.0
3336,100,2.256758334191025,5170.5,1800.0,-31.71748575249332,3.23606797749979,1.2360679774997898,4.414213562373095
3337,175,2.985410660720923,9419.42857142857,1800.7142857142858,8.349625102522488,4.155374705678736,1.9054711331003737,7.207106781186548
3338,25,1.1283791670955126,3997.0,1801.0,45.00001609038752,0.0,0.0,0.0
3339,1150,7.653039857325812,3976.978260869565,1809.0434782608695,13.126207952848585,11.152424640143993,6.758148709837877,29.520815280171306
3340,150,2.763953195770684,3996.1666666666665,1805.0,0.0,5.163977794943222,1.4907119849998602,4.207106781186548
3341,25,1.1283791670955126,5144.0,1805.0,45.00001609038752,0.0,0.0,0.0
3342,150000,87.40387444736633,1762.548,1849.9111666666668,71.78481699169838,99.37855181338708,79.92856173085337,308.97770542341357
3343,987000,224.20414185769232,2783.811246200608,1940.2818895643363,30.44628468454328,289.0067496459472,176.12629391408214,828.3818177180199
3344,100,2.256758334191025,5147.0,1809.5,58.28254642828171,3.23606797749979,1.2360679774997898,4.414213562373095
3345,250,3.5682482323055424,3997.2,1812.3,25.897981268196265,5.473114348615074,2.8222365823906035,10.414213562373096
3346,150,2.763953195770684,9419.5,1813.0,0.0,3.265986323710904,2.0,6.0
3347,225,3.385137501286538,4049.4444444444443,1816.6666666666667,10.278026284844326,6.052283110938236,1.695889732428958,8.207106781186548
3348,25,1.1283791670955126,4059.0,1814.0,45.00001609038752,0.0,0.0,0.0
3349,300,3.9088200952233594,4047.0833333333335,1820.6666666666667,34.721989805543195,4.364045181411538,3.5213000580812737,10.242640687119286
3350,100,2.256758334191025,9423.5,1824.5,45.00001609038752,2.0,2.0,4.0
3351,5145175,511.9000009604509,1617.8196708566763,2092.7099321208707,33.12493685357603,615.3210372854039,440.6927401104887,1907.4143930311225
3352,25,1.1283791670955126,9424.0,1843.0,45.00001609038752,0.0,0.0,0.0
3353,1193350,246.52954473731594,9053.6628608539,1996.6089370260192,-23.04627150451174,365.56923325934576,181.53315390767705,1237.2945519839782
3354,25,1.1283791670955126,2006.0,1860.0,45.00001609038752,0.0,0.0,0.0
3355,400,4.51351666838205,9432.8125,1865.0,7.700545773940692,7.267137657458658,2.761559390552063,13.035533905932738
3356,25,1.1283791670955126,2010.0,1863.0,45.00001609038752,0.0,0.0,0.0
3357,727750,192.5201369915381,6596.91174854002,1967.4992442459636,-87.28260823916192,249.00260525124466,159.90375307396633,783.8965363437813
3358,25,1.1283791670955126,2013.0,1878.0,45.00001609038752,0.0,0.0,0.0
3359,25,1.1283791670955126,9446.0,1881.0,45.00001609038752,0.0,0.0,0.0
3360,25,1.1283791670955126,9445.0,1882.0,45.00001609038752,0.0,0.0,0.0
3361,25,1.1283791670955126,9444.0,1883.0,45.00001609038752,0.0,0.0,0.0
3362,25,1.1283791670955126,9422.0,1885.0,45.00001609038752,0.0,0.0,0.0
3363,25,1.1283791670955126,9441.0,1885.0,45.00001609038752,0.0,0.0,0.0
3364,25,1.1283791670955126,9437.0,1888.0,45.00001609038752,0.0,0.0,0.0
3365,25,1.1283791670955126,2040.0,1893.0,45.00001609038752,0.0,0.0,0.0
3366,150,2.763953195770684,2042.5,1893.8333333333333,-59.03626457717171,4.320493798938573,1.885618083164126,6.621320343559642
3367,175,2.985410660720923,2046.857142857143,1894.0,83.63785206317704,5.007113214964761,2.0776362421189307,6.621320343559642
3368,50,1.5957691216057308,2052.5,1893.0,90.00003218077504,2.0,0.0,0.0
3369,700,5.970821321441846,2061.0714285714284,1894.142857142857,-86.39226043550478,16.797392350966792,2.5656001413379688,27.414213562373096
3370,100,2.256758334191025,2107.0,1893.5,-58.28254642828171,3.23606797749979,1.2360679774997898,4.414213562373095
3371,50,1.5957691216057308,7166.5,1893.0,90.00003218077504,2.0,0.0,0.0
3372,50,1.5957691216057308,2071.5,1894.0,90.00003218077504,2.0,0.0,0.0
3373,625,5.641895835477563,2082.36,1894.32,-89.56043402212954,22.225104577134925,1.8581513758077863,25.621320343559645
3374,225,3.385137501286538,2096.0,1894.3333333333333,82.37247010190424,6.586417573021535,1.685623260404093,8.0
3375,100,2.256758334191025,2101.5,1894.0,90.00003218077504,4.47213595499958,0.0,2.0
3376,75,1.9544100476116797,2110.0,1894.0,90.00003218077504,3.265986323710904,0.0,1.0
3377,225,3.385137501286538,2117.0,1894.0,90.00003218077504,10.327955589886445,0.0,7.0
3378,125,2.5231325220201604,2133.0,1894.0,90.00003218077504,5.656854249492381,0.0,3.0
3379,50,1.5957691216057308,2050.0,1895.5,0.0,2.0,0.0,0.0
3380,50,1.5957691216057308,2104.5,1895.0,90.00003218077504,2.0,0.0,0.0
3381,25,1.1283791670955126,2122.0,1895.0,45.00001609038752,0.0,0.0,0.0
3382,25,1.1283791670955126,7139.0,1895.0,45.00001609038752,0.0,0.0,0.0
3383,50,1.5957691216057308,2066.0,1896.5,0.0,2.0,0.0,0.0
3384,1454200,272.14297315594047,1343.0469674047586,2142.6198425250996,14.249296437783977,409.82932953248115,222.60660210258195,1214.8569978244918
3385,400,4.51351666838205,2060.25,1898.875,-57.89803394950486,5.975374761533629,4.36404588188838,14.035533905932738
3386,250,3.5682482323055424,2068.2,1899.0,21.136852060825063,4.520745734847507,3.3049747352828702,9.82842712474619
3387,125,2.5231325220201604,2132.8,1898.0,-55.900724731264845,3.335641688875783,2.0575457524521585,5.621320343559642
3388,150,2.763953195770684,2064.5,1899.0,0.0,3.265986323710904,2.0,6.0
3389,750,6.180387232371033,2054.8333333333335,1902.9666666666667,-72.11268193413633,8.143796206416347,5.599079786846211,23.520815280171306
3390,75,1.9544100476116797,2062.6666666666665,1902.6666666666667,45.00001609038752,2.3094010767585034,1.3333333333333333,3.414213562373095
3391,200,3.1915382432114616,7155.5,1905.5,0.0,4.47213595499958,2.0,8.0
3392,1428425,269.72038830524656,11785.836918284123,2092.3383446803296,-10.666134957900564,390.8587942827374,215.32155366028528,3086.791160115259
3393,175,2.985410660720923,2049.1428571428573,1905.7142857142858,-85.69220654836944,4.993927366567251,1.772659614960501,6.207106781186548
3394,225,3.385137501286538,2059.222222222222,1906.4444444444443,-51.88041110646497,6.545506211474515,1.7272836852629923,9.207106781186548
3395,50,1.5957691216057308,2043.5,1906.0,90.00003218077504,2.0,0.0,0.0
3396,50,1.5957691216057308,2055.0,1907.5,0.0,2.0,0.0,0.0
3397,50,1.5957691216057308,2041.5,1908.0,90.00003218077504,2.0,0.0,0.0
3398,25,1.1283791670955126,2045.0,1908.0,45.00001609038752,0.0,0.0,0.0
3399,800,6.383076486422923,2045.9375,1910.375,-88.30093736937889,18.172039264605193,2.3376246417351005,30.828427124746188
3400,282325,119.91119288329257,8883.37571947224,1996.2706986628884,37.20066572054041,151.98075179942566,103.86516652182294,495.8366158202091
3401,2787675,376.7958623907431,2454.6321665904384,2102.869783959751,-73.09866402520511,575.466773996377,268.39674418953905,1549.716954241814
3402,97725,70.54851791759874,9177.934254284983,1994.3013558454847,-3.8611053655688106,97.88420213785648,56.318924823808906,278.8944443027283
3403,6531475,576.7540985705814,9449.292682740117,2212.0216758082975,64.7884133620435,835.305097345114,495.43440632697155,3872.2482297272504
3404,6605750,580.0242106200154,8417.483389471294,2333.4753320970367,34.64124238673645,839.5010534459104,418.2621986609848,2338.141448540703
3405,4597125,483.8694593416962,8039.310797509313,2364.353721075672,11.600393058435218,721.5129532988685,361.13542339241013,3105.4206691542813
3406,50,1.5957691216057308,8299.0,1986.5,0.0,2.0,0.0,0.0
3407,221175,106.13364335719369,8788.41889906183,2067.8053577483893,-9.597829235388184,158.59268379731353,90.32470770286666,691.1097397793778
3408,25,1.1283791670955126,8299.0,1990.0,45.00001609038752,0.0,0.0,0.0
3409,75,1.9544100476116797,6139.0,1993.0,90.00003218077504,3.265986323710904,0.0,1.0
3410,560625,168.9745448009434,7823.149698996655,2107.060869565217,59.298603559859366,257.4988158381954,138.2919977083377,925.5361466505706
3411,250,3.5682482323055424,5530.3,2002.2,6.842012322581311,5.0228248744557495,2.5082325012942057,8.621320343559642
3412,4768400,492.80078916800244,9974.545528898583,2351.392243729553,10.011545194905134,673.2686605834391,370.4780883743847,1884.6814203358813
3413,11825,24.54062559633988,7952.585623678647,2037.3826638477801,-12.453024969008515,51.38154818681919,14.119565590514046,122.84062043356595
3414,5067025,507.9975040947224,671.77067904737,2364.6270888736485,-7.112608356528337,678.5166950569042,395.3973186146167,2198.4398256692884
3415,973675,222.68556430267407,1912.374252188872,2210.8542378103575,0.8967923485498109,291.9933017069553,195.9874827065726,932.7432534317572
3416,927675,217.3616796643044,4875.785727760261,2140.8693507963458,-56.54301325234892,259.9163397567408,185.07604885234446,771.3107499061546
3417,4174125,461.07097131212504,2896.37056269278,2282.251723415087,36.042220443705254,582.0033916642225,387.4123744025794,2403.034846822905
3418,625,5.641895835477563,8880.76,2046.72,81.68667742528955,20.03940940856962,2.5467765029015097,24.207106781186546
3419,150,2.763953195770684,8866.5,2047.0,90.00003218077504,6.831300510639732,0.0,4.0
3420,100,2.256758334191025,8861.5,2048.0,90.00003218077504,4.47213595499958,0.0,2.0
3421,175,2.985410660720923,8856.42857142857,2049.4285714285716,-75.9107320879684,6.553504018576144,1.2082004568003004,5.0
3422,50,1.5957691216057308,8876.5,2049.0,90.00003218077504,2.0,0.0,0.0
3423,50,1.5957691216057308,8902.5,2049.0,90.00003218077504,2.0,0.0,0.0
3424,125,2.5231325220201604,8893.0,2050.0,90.00003218077504,5.656854249492381,0.0,3.0
3425,50,1.5957691216057308,8900.5,2050.0,90.00003218077504,2.0,0.0,0.0
3426,25,1.1283791670955126,8904.0,2050.0,45.00001609038752,0.0,0.0,0.0
3427,50,1.5957691216057308,8852.5,2051.0,90.00003218077504,2.0,0.0,0.0
3428,25,1.1283791670955126,8907.0,2051.0,45.00001609038752,0.0,0.0,0.0
3429,50,1.5957691216057308,8850.5,2052.0,90.00003218077504,2.0,0.0,0.0
3430,50,1.5957691216057308,8848.5,2053.0,90.00003218077504,2.0,0.0,0.0
3431,50,1.5957691216057308,8913.5,2053.0,90.00003218077504,2.0,0.0,0.0
3432,100,2.256758334191025,8846.0,2054.5,-58.28254642828171,3.23606797749979,1.2360679774997898,4.414213562373095
3433,25,1.1283791670955126,8916.0,2054.0,45.00001609038752,0.0,0.0,0.0
3434,25,1.1283791670955126,8918.0,2055.0,45.00001609038752,0.0,0.0,0.0
3435,25,1.1283791670955126,9315.0,2056.0,45.00001609038752,0.0,0.0,0.0
3436,50,1.5957691216057308,9323.5,2056.0,90.00003218077504,2.0,0.0,0.0
3437,100,2.256758334191025,8839.0,2057.5,-58.28254642828171,3.23606797749979,1.2360679774997898,4.414213562373095
3438,25,1.1283791670955126,8921.0,2057.0,45.00001609038752,0.0,0.0,0.0
3439,50,1.5957691216057308,9326.5,2057.0,90.00003218077504,2.0,0.0,0.0
3440,175,2.985410660720923,8842.0,2059.1428571428573,0.0,3.958973274443148,3.0237157840738176,6.414213562373095
3441,25,1.1283791670955126,8923.0,2058.0,45.00001609038752,0.0,0.0,0.0
3442,175,2.985410660720923,8835.714285714286,2060.714285714286,45.00001609038752,5.656854249492381,1.3997084244475302,7.414213562373095
3443,25,1.1283791670955126,8925.0,2059.0,45.00001609038752,0.0,0.0,0.0
3444,25,1.1283791670955126,8926.0,2060.0,45.00001609038752,0.0,0.0,0.0
3445,25,1.1283791670955126,8833.0,2063.0,45.00001609038752,0.0,0.0,0.0
3446,25,1.1283791670955126,8929.0,2063.0,45.00001609038752,0.0,0.0,0.0
3447,72000,60.555180528483845,8962.582291666668,2126.287152777778,6.037630666713424,127.94307756389395,34.52393888900163,300.9360748630709
3448,25,1.1283791670955126,9273.0,2063.0,45.00001609038752,0.0,0.0,0.0
3449,50,1.5957691216057308,9282.5,2063.0,90.00003218077504,2.0,0.0,0.0
3450,50,1.5957691216057308,9285.5,2063.0,90.00003218077504,2.0,0.0,0.0
3451,25,1.1283791670955126,9308.0,2063.0,45.00001609038752,0.0,0.0,0.0
3452,25,1.1283791670955126,9332.0,2063.0,45.00001609038752,0.0,0.0,0.0
3453,25,1.1283791670955126,9400.0,2063.0,45.00001609038752,0.0,0.0,0.0
3454,125,2.5231325220201604,8830.8,2064.8,45.00001609038752,4.0,1.3856406460551023,5.414213562373095
3455,25,1.1283791670955126,9270.0,2065.0,45.00001609038752,0.0,0.0,0.0
3456,100,2.256758334191025,9297.5,2065.5,45.00001609038752,2.0,2.0,4.0
3457,100,2.256758334191025,9266.75,2066.25,-71.5650767661759,3.4641016151377544,1.4142135623730951,3.2071067811865475
3458,25,1.1283791670955126,8829.0,2067.0,45.00001609038752,0.0,0.0,0.0
3459,125,2.5231325220201604,8827.2,2069.2,45.00001609038752,4.0,1.3856406460551023,5.414213562373095
3460,25,1.1283791670955126,8934.0,2068.0,45.00001609038752,0.0,0.0,0.0
3461,25,1.1283791670955126,8825.0,2071.0,45.00001609038752,0.0,0.0,0.0
3462,150,2.763953195770684,8823.333333333334,2073.8333333333335,-32.24307631519748,4.93861174764721,1.6496136266144523,5.207106781186548
3463,250,3.5682482323055424,8937.9,2076.7,18.434955414599127,7.042726744663603,1.7888543819998317,10.207106781186548
3464,50,1.5957691216057308,8821.0,2076.5,0.0,2.0,0.0,0.0
3465,25,1.1283791670955126,9276.0,2077.0,45.00001609038752,0.0,0.0,0.0
3466,100,2.256758334191025,8819.5,2079.0,-31.71748575249332,3.23606797749979,1.2360679774997898,4.414213562373095
3467,25,1.1283791670955126,9278.0,2078.0,45.00001609038752,0.0,0.0,0.0
3468,50,1.5957691216057308,9277.5,2080.0,90.00003218077504,2.0,0.0,0.0
3469,100,2.256758334191025,8817.5,2082.0,-31.71748575249332,3.23606797749979,1.2360679774997898,4.414213562373095
3470,50,1.5957691216057308,9275.0,2081.5,0.0,2.0,0.0,0.0
3471,50,1.5957691216057308,9278.0,2083.5,0.0,2.0,0.0,0.0
3472,25,1.1283791670955126,8816.0,2085.0,45.00001609038752,0.0,0.0,0.0
3473,100,2.256758334191025,8941.5,2085.5,45.00001609038752,2.0,2.0,4.0
3474,25,1.1283791670955126,8815.0,2087.0,45.00001609038752,0.0,0.0,0.0
3475,1893925,310.5749638823157,11364.09544992542,2393.789062396874,8.435623344222115,688.5494071730857,166.16628874083997,1610.2955980045044
3476,50,1.5957691216057308,8814.0,2089.5,0.0,2.0,0.0,0.0
3477,1421175,269.0350319188187,8746.276725244956,2277.3331222403995,15.268950251333848,389.108835104295,204.59652606169402,2195.8256480006653
3478,25,1.1283791670955126,8813.0,2092.0,45.00001609038752,0.0,0.0,0.0
3479,50,1.5957691216057308,8812.0,2094.5,0.0,2.0,0.0,0.0
3480,25,1.1283791670955126,8946.0,2095.0,45.00001609038752,0.0,0.0,0.0
3481,73550,61.20351902146517,9763.714140040789,2124.260027192386,-27.280286488985954,71.33752622409824,54.69952303067689,221.1959594928933
3482,425,4.652426491681278,8810.176470588236,2102.0588235294117,-10.576594794190436,12.039762490488707,1.7878390049356396,16.207106781186546
3483,380200,139.1525314046868,6808.730405049973,2245.888216728038,28.10881671720627,224.68419473529067,102.26342781717402,611.7127701597078
3484,25,1.1283791670955126,2113.0,2110.0,45.00001609038752,0.0,0.0,0.0
3485,175,2.985410660720923,8807.857142857143,2112.714285714286,-3.9415710677289364,6.679120530303046,1.3254040442294808,6.414213562373096
3486,25,1.1283791670955126,8949.0,2111.0,45.00001609038752,0.0,0.0,0.0
3487,1200,7.817640190446719,7045.729166666667,2124.7708333333335,-25.7223192129824,22.16735233663461,3.25493494475867,37.970562748477136
3488,75,1.9544100476116797,7869.0,2117.0,90.00003218077504,3.265986323710904,0.0,1.0
3489,1558075,281.69506233963267,2009.227075076617,2302.150907369671,-56.23193860976085,606.4270794903879,172.7443186405031,1694.1555544218263
3490,50,1.5957691216057308,8950.0,2122.5,0.0,2.0,0.0,0.0
3491,25,1.1283791670955126,8807.0,2123.0,45.00001609038752,0.0,0.0,0.0
3492,75,1.9544100476116797,8807.0,2131.0,0.0,3.265986323710904,0.0,1.0
3493,25,1.1283791670955126,7967.0,2132.0,45.00001609038752,0.0,0.0,0.0
3494,25,1.1283791670955126,5564.0,2134.0,45.00001609038752,0.0,0.0,0.0
3495,100,2.256758334191025,7966.0,2134.25,90.00003218077504,2.8284271247461903,1.7320508075688772,4.621320343559642
3496,105625,73.34464586120832,10133.096094674556,2176.1337278106507,28.472170523884856,95.1399214523892,57.59490692180713,264.69343417595167
3497,25,1.1283791670955126,7968.0,2135.0,45.00001609038752,0.0,0.0,0.0
3498,100,2.256758334191025,8809.0,2140.5,0.0,4.47213595499958,0.0,2.0
3499,25,1.1283791670955126,5562.0,2142.0,45.00001609038752,0.0,0.0,0.0
3500,25,1.1283791670955126,6209.0,2145.0,45.00001609038752,0.0,0.0,0.0
3501,25,1.1283791670955126,6206.0,2146.0,45.00001609038752,0.0,0.0,0.0
3502,75,1.9544100476116797,8810.0,2147.0,0.0,3.265986323710904,0.0,1.0
3503,100,2.256758334191025,8950.0,2147.5,0.0,4.47213595499958,0.0,2.0
3504,3383775,415.13160036240197,1009.3570198964175,2369.7476191531646,-3.8560894914560486,486.19253014902887,367.02541828719325,1632.9158723275375
3505,204200,101.97951069404485,11119.940621939275,2194.864471106758,80.17578169335455,180.47678599590444,61.27917189292619,445.5218613006978
3506,25,1.1283791670955126,5566.0,2154.0,45.00001609038752,0.0,0.0,0.0
3507,25,1.1283791670955126,8812.0,2155.0,45.00001609038752,0.0,0.0,0.0
3508,276175,118.59796478308277,3133.9740200959536,2248.7818412238616,9.669540160209213,206.04917339246384,73.65858167924304,508.49242404917493
3509,75,1.9544100476116797,8949.0,2158.0,0.0,3.265986323710904,0.0,1.0
3510,50,1.5957691216057308,11668.0,2157.5,0.0,2.0,0.0,0.0
3511,150,2.763953195770684,8813.5,2160.0,17.608802780371004,5.404236119112784,1.208676398190789,4.0
3512,50,1.5957691216057308,6202.0,2159.5,0.0,2.0,0.0,0.0
3513,219500,105.73099452277336,9765.959908883828,2230.826537585421,14.573411346570355,145.82082888083718,78.97550813008313,401.78888860545663
3514,450,4.787307364817192,6204.555555555556,2166.0,14.232586160388422,12.370062850516577,1.9547509424756015,18.414213562373096
3515,25,1.1283791670955126,11670.0,2161.0,45.00001609038752,0.0,0.0,0.0
3516,2319775,343.72251976779245,4947.1118966279055,2380.7127307605265,29.15242550776836,408.54418064487743,316.78107717482766,1389.6570337182416
3517,25,1.1283791670955126,8815.0,2164.0,45.00001609038752,0.0,0.0,0.0
3518,25,1.1283791670955126,8948.0,2164.0,45.00001609038752,0.0,0.0,0.0
3519,25,1.1283791670955126,8816.0,2166.0,45.00001609038752,0.0,0.0,0.0
3520,25,1.1283791670955126,11686.0,2166.0,45.00001609038752,0.0,0.0,0.0
3521,3200,12.766152972845846,11676.671875,2170.453125,84.03489769919827,34.83384326885992,8.2520028247997,100.21320343559643
3522,25,1.1283791670955126,11756.0,2167.0,45.00001609038752,0.0,0.0,0.0
3523,25,1.1283791670955126,11800.0,2167.0,45.00001609038752,0.0,0.0,0.0
3524,25,1.1283791670955126,11837.0,2167.0,45.00001609038752,0.0,0.0,0.0
3525,150,2.763953195770684,11780.0,2168.8333333333335,53.130121351576776,3.8297084310253524,1.8856180831641265,6.207106781186548
3526,550,5.292567428401227,11788.181818181818,2169.2727272727275,76.66510519348766,11.839303556842868,3.2922873130602994,18.242640687119284
3527,25,1.1283791670955126,11793.0,2168.0,45.00001609038752,0.0,0.0,0.0
3528,25,1.1283791670955126,8817.0,2169.0,45.00001609038752,0.0,0.0,0.0
3529,100,2.256758334191025,11690.0,2170.75,90.00003218077504,2.8284271247461903,1.7320508075688772,4.621320343559642
3530,50,1.5957691216057308,8818.0,2171.5,0.0,2.0,0.0,0.0
3531,25,1.1283791670955126,11647.0,2171.0,45.00001609038752,0.0,0.0,0.0
3532,25,1.1283791670955126,11651.0,2171.0,45.00001609038752,0.0,0.0,0.0
3533,25,1.1283791670955126,11782.0,2171.0,45.00001609038752,0.0,0.0,0.0
3534,25,1.1283791670955126,11832.0,2171.0,45.00001609038752,0.0,0.0,0.0
3535,525,5.170882945826411,11838.904761904761,2173.4285714285716,88.05617785846559,14.29245907872526,2.2832305682158056,20.414213562373096
3536,6604400,579.9649385695279,2655.1243792017444,2655.4172180667433,5.5677744831755644,1006.4647140732845,387.2454542856583,3197.5749980868322
3537,50,1.5957691216057308,8819.0,2173.5,0.0,2.0,0.0,0.0
3538,25,1.1283791670955126,8946.0,2173.0,45.00001609038752,0.0,0.0,0.0
3539,50,1.5957691216057308,8820.0,2175.5,0.0,2.0,0.0,0.0
3540,25,1.1283791670955126,8945.0,2176.0,45.00001609038752,0.0,0.0,0.0
3541,25,1.1283791670955126,9005.0,2176.0,45.00001609038752,0.0,0.0,0.0
3542,25,1.1283791670955126,11713.0,2176.0,45.00001609038752,0.0,0.0,0.0
3543,250,3.5682482323055424,11817.8,2177.0,78.51814154533658,6.766460282881222,2.1851808255132994,10.621320343559642
3544,25,1.1283791670955126,6219.0,2177.0,45.00001609038752,0.0,0.0,0.0
3545,50,1.5957691216057308,8821.0,2177.5,0.0,2.0,0.0,0.0
3546,10745900,739.7865860846515,4516.88075219386,2610.6354353753522,-56.95704869198267,830.283632942745,720.5509349885077,3646.177161915385
3547,175,2.985410660720923,8822.714285714286,2181.714285714286,29.87179209931401,4.634736211286691,1.826347935745029,7.414213562373095
3548,75,1.9544100476116797,8944.333333333334,2182.3333333333335,45.00001609038752,2.3094010767585034,1.3333333333333333,3.414213562373095
3549,50,1.5957691216057308,11855.5,2183.0,90.00003218077504,2.0,0.0,0.0
3550,25,1.1283791670955126,8943.0,2184.0,45.00001609038752,0.0,0.0,0.0
3551,25,1.1283791670955126,11814.0,2184.0,45.00001609038752,0.0,0.0,0.0
3552,25,1.1283791670955126,8942.0,2185.0,45.00001609038752,0.0,0.0,0.0
3553,257475,114.51241885152649,8915.459364986891,2251.1103990678707,-68.08395105538669,131.5188015380236,109.21184447253543,453.75335469952387
3554,325,4.068428945128219,11808.384615384615,2186.3846153846152,-84.9446285619522,7.799327039201093,2.4127547139216636,12.82842712474619
3555,175,2.985410660720923,11857.0,2186.0,-45.00001609038752,3.7032803990902057,2.138089935299395,6.82842712474619
3556,50,1.5957691216057308,11859.5,2185.0,90.00003218077504,2.0,0.0,0.0
3557,100,2.256758334191025,6209.5,2186.5,45.00001609038752,2.0,2.0,4.0
3558,25,1.1283791670955126,8941.0,2186.0,45.00001609038752,0.0,0.0,0.0
3559,25,1.1283791670955126,11804.0,2186.0,45.00001609038752,0.0,0.0,0.0
3560,75,1.9544100476116797,11813.333333333334,2186.6666666666665,-45.00001609038752,2.3094010767585034,1.3333333333333333,3.414213562373095
3561,50,1.5957691216057308,8827.0,2187.5,0.0,2.0,0.0,0.0
3562,50,1.5957691216057308,11860.5,2187.0,90.00003218077504,2.0,0.0,0.0
3563,125,2.5231325220201604,11855.0,2189.0,45.00001609038752,2.5298221281347035,2.5298221281347035,5.656854249492381
3564,25,1.1283791670955126,8939.0,2189.0,45.00001609038752,0.0,0.0,0.0
3565,275,3.742410318509555,11750.181818181818,2189.7272727272725,80.85544973599981,6.174090510805533,2.291834896066328,8.82842712474619
3566,4775,15.594510349620345,11733.821989528797,2192.476439790576,-87.31198589635292,109.23308867331602,4.602948460989785,183.48528137423858
3567,175,2.985410660720923,11788.714285714286,2189.5714285714284,-81.65040707825254,4.155374705678736,1.9054711331003737,7.207106781186548
3568,400,4.51351666838205,11808.4375,2189.75,89.75155644575302,13.264266001516745,1.7311116200311734,15.621320343559642
3569,100,2.256758334191025,11816.0,2189.25,90.00003218077504,2.8284271247461903,1.7320508075688772,4.621320343559642
3570,1400,8.444016491289505,11834.42857142857,2189.625,89.78433804650923,39.008385829201416,1.9309293258383784,55.828427124746185
3571,25,1.1283791670955126,8828.0,2190.0,45.00001609038752,0.0,0.0,0.0
3572,1100,7.48482063701911,8834.90909090909,2196.0,43.175709762646214,19.247775323058292,3.7574175220997446,26.727922061357855
3573,1237925,251.0916217970067,9064.06533109841,2365.069955772765,79.67998319999286,292.71474672205125,239.47141551820795,1084.7331521639906
3574,25,1.1283791670955126,11686.0,2191.0,45.00001609038752,0.0,0.0,0.0
3575,25,1.1283791670955126,11854.0,2191.0,45.00001609038752,0.0,0.0,0.0
3576,25,1.1283791670955126,11856.0,2191.0,45.00001609038752,0.0,0.0,0.0
3577,25,1.1283791670955126,8937.0,2192.0,45.00001609038752,0.0,0.0,0.0
3578,25,1.1283791670955126,8059.0,2193.0,45.00001609038752,0.0,0.0,0.0
3579,25,1.1283791670955126,8595.0,2195.0,45.00001609038752,0.0,0.0,0.0
3580,417600,145.83618671391596,4723.330340038314,2269.2140804597702,37.92049521299269,153.9276968899804,141.62274296699454,519.7716446627535
3581,175,2.985410660720923,8933.285714285714,2197.285714285714,45.00001609038752,5.656854249492381,1.3997084244475309,7.414213562373095
3582,25,1.1283791670955126,11727.0,2199.0,45.00001609038752,0.0,0.0,0.0
3583,50,1.5957691216057308,8735.5,2200.0,90.00003218077504,2.0,0.0,0.0
3584,50,1.5957691216057308,8738.5,2200.0,90.00003218077504,2.0,0.0,0.0
3585,200,3.1915382432114616,8743.0,2200.375,90.00003218077504,4.898979485566356,1.9364916731037085,8.414213562373096
3586,50,1.5957691216057308,8930.5,2200.0,90.00003218077504,2.0,0.0,0.0
3587,50,1.5957691216057308,11728.5,2200.0,90.00003218077504,2.0,0.0,0.0
3588,25,1.1283791670955126,8740.0,2201.0,45.00001609038752,0.0,0.0,0.0
3589,25,1.1283791670955126,8929.0,2201.0,45.00001609038752,0.0,0.0,0.0
3590,50,1.5957691216057308,11730.5,2201.0,90.00003218077504,2.0,0.0,0.0
3591,25,1.1283791670955126,8928.0,2202.0,45.00001609038752,0.0,0.0,0.0
3592,25,1.1283791670955126,8725.0,2203.0,45.00001609038752,0.0,0.0,0.0
3593,25,1.1283791670955126,8927.0,2203.0,45.00001609038752,0.0,0.0,0.0
3594,125,2.5231325220201604,8841.8,2204.6,71.5650767661759,3.098386676965933,1.7888543819998317,5.207106781186548
3595,25,1.1283791670955126,8846.0,2204.0,45.00001609038752,0.0,0.0,0.0
3596,25,1.1283791670955126,8925.0,2204.0,45.00001609038752,0.0,0.0,0.0
3597,34675,42.023603469332215,8992.164383561643,2236.330209084355,-28.971626710134146,56.46630966016121,33.58803552550018,170.43250352560273
3598,25,1.1283791670955126,8847.0,2205.0,45.00001609038752,0.0,0.0,0.0
3599,25,1.1283791670955126,8924.0,2205.0,45.00001609038752,0.0,0.0,0.0
3600,125,2.5231325220201604,8845.2,2206.8,-45.00001609038752,4.0,1.3856406460551023,5.414213562373095
3601,50,1.5957691216057308,8922.5,2206.0,90.00003218077504,2.0,0.0,0.0
3602,50,1.5957691216057308,8091.5,2207.0,90.00003218077504,2.0,0.0,0.0
3603,25,1.1283791670955126,8102.0,2207.0,45.00001609038752,0.0,0.0,0.0
3604,100,2.256758334191025,8850.0,2207.5,58.28254642828171,3.23606797749979,1.2360679774997898,4.414213562373095
3605,25,1.1283791670955126,8921.0,2207.0,45.00001609038752,0.0,0.0,0.0
3606,50,1.5957691216057308,8112.5,2208.0,90.00003218077504,2.0,0.0,0.0
3607,300,3.9088200952233594,8916.166666666666,2209.9166666666665,-54.74700111134439,8.032588356102368,2.3640294863896574,10.414213562373096
3608,25,1.1283791670955126,11622.0,2208.0,45.00001609038752,0.0,0.0,0.0
3609,275,3.742410318509555,11628.636363636364,2209.4545454545455,18.434955414599138,3.9999999999999996,3.468869823334348,9.65685424949238
3610,25,1.1283791670955126,11631.0,2208.0,45.00001609038752,0.0,0.0,0.0
3611,75,1.9544100476116797,11633.666666666666,2208.3333333333335,-45.00001609038752,2.3094010767585034,1.3333333333333333,3.414213562373095
3612,75,1.9544100476116797,8854.0,2209.0,90.00003218077504,3.265986323710904,0.0,1.0
3613,375,4.370193722368317,11618.066666666668,2210.6666666666665,-45.85919539842688,8.05395123244663,2.8198665434997414,13.242640687119284
3614,25,1.1283791670955126,11623.0,2209.0,45.00001609038752,0.0,0.0,0.0
3615,75,1.9544100476116797,8857.0,2210.0,90.00003218077504,3.265986323710904,0.0,1.0
3616,25,1.1283791670955126,11624.0,2210.0,45.00001609038752,0.0,0.0,0.0
3617,25,1.1283791670955126,11642.0,2210.0,45.00001609038752,0.0,0.0,0.0
3618,125,2.5231325220201604,8862.0,2211.0,90.00003218077504,5.656854249492381,0.0,3.0
3619,1452725,272.00492036912783,10270.186718064328,2393.7444802010014,53.399897708519795,370.0171833897511,230.46390533783946,1091.4955621107547
3620,25,1.1283791670955126,11636.0,2211.0,45.00001609038752,0.0,0.0,0.0
3621,25,1.1283791670955126,11641.0,2211.0,45.00001609038752,0.0,0.0,0.0
3622,50,1.5957691216057308,8866.5,2212.0,90.00003218077504,2.0,0.0,0.0
3623,50,1.5957691216057308,8880.5,2212.0,90.00003218077504,2.0,0.0,0.0
3624,25,1.1283791670955126,8884.0,2212.0,45.00001609038752,0.0,0.0,0.0
3625,50,1.5957691216057308,8910.5,2212.0,90.00003218077504,2.0,0.0,0.0
3626,25,1.1283791670955126,11637.0,2212.0,45.00001609038752,0.0,0.0,0.0
3627,50,1.5957691216057308,11639.5,2212.0,90.00003218077504,2.0,0.0,0.0
3628,1176600,244.79327183036648,2337.232130715621,2335.218617202108,57.00467798645975,295.9233295004707,207.81042440445927,901.8965363437815
3629,200,3.1915382432114616,8064.0,2214.0,0.0,4.0,2.8284271247461903,6.621320343559642
3630,25,1.1283791670955126,8726.0,2213.0,45.00001609038752,0.0,0.0,0.0
3631,50,1.5957691216057308,8887.5,2213.0,90.00003218077504,2.0,0.0,0.0
3632,75,1.9544100476116797,8907.0,2213.0,90.00003218077504,3.265986323710904,0.0,1.0
3633,25,1.1283791670955126,11648.0,2213.0,45.00001609038752,0.0,0.0,0.0
3634,75,1.9544100476116797,8891.0,2214.0,90.00003218077504,3.265986323710904,0.0,1.0
3635,75,1.9544100476116797,8903.0,2214.0,90.00003218077504,3.265986323710904,0.0,1.0
3636,25,1.1283791670955126,11650.0,2214.0,45.00001609038752,0.0,0.0,0.0
3637,25,1.1283791670955126,8737.0,2215.0,45.00001609038752,0.0,0.0,0.0
3638,50,1.5957691216057308,8896.5,2215.0,90.00003218077504,2.0,0.0,0.0
3639,700,5.970821321441846,11611.67857142857,2221.5714285714284,-26.342557188810066,16.412535137179802,2.5706579328205352,26.485281374238568
3640,25,1.1283791670955126,11651.0,2215.0,45.00001609038752,0.0,0.0,0.0
3641,25,1.1283791670955126,11652.0,2216.0,45.00001609038752,0.0,0.0,0.0
3642,25,1.1283791670955126,11653.0,2217.0,45.00001609038752,0.0,0.0,0.0
3643,25,1.1283791670955126,8056.0,2218.0,45.00001609038752,0.0,0.0,0.0
3644,25,1.1283791670955126,8057.0,2219.0,45.00001609038752,0.0,0.0,0.0
3645,150,2.763953195770684,6299.166666666667,2228.6666666666665,26.565060675788384,3.0550504633038935,2.666666666666667,6.414213562373095
3646,75,1.9544100476116797,8751.333333333334,2229.3333333333335,45.00001609038752,2.3094010767585034,1.3333333333333333,3.414213562373095
3647,25,1.1283791670955126,8810.0,2229.0,45.00001609038752,0.0,0.0,0.0
3648,50,1.5957691216057308,8065.5,2230.0,90.00003218077504,2.0,0.0,0.0
3649,400,4.51351666838205,8744.125,2232.625,-72.34441914794613,5.753496379152973,4.289204986366777,13.242640687119286
3650,25,1.1283791670955126,8801.0,2230.0,45.00001609038752,0.0,0.0,0.0
3651,125,2.5231325220201604,8804.4,2230.4,-69.00641842630537,4.34169545110285,1.2765894445250698,4.207106781186548
3652,25,1.1283791670955126,8747.0,2231.0,45.00001609038752,0.0,0.0,0.0
3653,25,1.1283791670955126,8812.0,2231.0,45.00001609038752,0.0,0.0,0.0
3654,450,4.787307364817192,8739.166666666666,2235.6111111111113,33.141490686549496,9.037790191621404,3.3843981623573374,15.242640687119286
3655,50,1.5957691216057308,2690.5,2233.0,90.00003218077504,2.0,0.0,0.0
3656,6386650,570.3239549022231,5717.495106980969,2601.076875200614,-0.375967322493486,751.9772134545129,452.83856483209587,2208.4276323604686
3657,25,1.1283791670955126,2687.0,2234.0,45.00001609038752,0.0,0.0,0.0
3658,324925,128.64017398512374,9734.312379779949,2324.360698622759,35.150776304681536,176.5656712869411,95.48393130152799,480.3158005400378
3659,25,1.1283791670955126,2685.0,2235.0,45.00001609038752,0.0,0.0,0.0
3660,7225,19.182445840623714,7616.581314878893,2268.7820069204154,-3.0768648575765423,56.6544640673861,7.042680128128412,121.35533905932736
3661,25,1.1283791670955126,8749.0,2235.0,45.00001609038752,0.0,0.0,0.0
3662,300,3.9088200952233594,7628.166666666667,2241.3333333333335,3.8583300128594673,12.921748468740027,1.213614829778882,11.207106781186548
3663,25,1.1283791670955126,8770.0,2236.0,45.00001609038752,0.0,0.0,0.0
3664,575,5.4115163798060095,8776.478260869566,2236.8260869565215,87.62397909797023,12.54165832731268,2.758009674571814,20.82842712474619
3665,25,1.1283791670955126,8750.0,2237.0,45.00001609038752,0.0,0.0,0.0
3666,5547050,531.515697477438,1290.588100882451,2619.3052478344343,-7.866963661844964,725.9998304523338,404.6978198272188,2093.2804461028545
3667,25,1.1283791670955126,8751.0,2238.0,45.00001609038752,0.0,0.0,0.0
3668,25,1.1283791670955126,2683.0,2239.0,45.00001609038752,0.0,0.0,0.0
3669,75,1.9544100476116797,8696.333333333334,2240.3333333333335,45.00001609038752,2.3094010767585034,1.3333333333333333,3.414213562373095
3670,425,4.652426491681278,8763.0,2241.0,80.78255447347547,8.888714956261474,2.7529950454825096,15.242640687119284
3671,450,4.787307364817192,8771.777777777777,2240.8888888888887,-88.65167111676429,8.063366265767497,3.230930916553234,13.621320343559642
3672,100,2.256758334191025,8777.25,2241.0,0.0,2.8284271247461903,1.7320508075688772,4.621320343559642
3673,375,4.370193722368317,8701.133333333333,2241.6,87.04696056797756,7.991847546712624,2.412314589557564,13.621320343559642
3674,200,3.1915382432114616,8781.5,2241.75,-68.64532956642059,4.7271453337587435,2.1573356237551296,8.207106781186548
3675,475,4.918490759365935,8703.105263157895,2245.315789473684,-88.65949349594896,8.301054055403194,3.1877505622047213,15.863961030678928
3676,25,1.1283791670955126,2689.0,2245.0,45.00001609038752,0.0,0.0,0.0
3677,50,1.5957691216057308,11610.0,2245.5,0.0,2.0,0.0,0.0
3678,25,1.1283791670955126,7629.0,2248.0,45.00001609038752,0.0,0.0,0.0
3679,25,1.1283791670955126,2686.0,2249.0,45.00001609038752,0.0,0.0,0.0
3680,50,1.5957691216057308,8717.0,2249.5,0.0,2.0,0.0,0.0
3681,100,2.256758334191025,11611.0,2250.5,0.0,4.47213595499958,0.0,2.0
3682,25,1.1283791670955126,2688.0,2250.0,45.00001609038752,0.0,0.0,0.0
3683,400,4.51351666838205,2695.5625,2251.8125,-72.8876197581335,6.339467808353304,3.766450305905037,13.106601717798215
3684,25,1.1283791670955126,2701.0,2250.0,45.00001609038752,0.0,0.0,0.0
3685,25,1.1283791670955126,2691.0,2251.0,45.00001609038752,0.0,0.0,0.0
3686,75,1.9544100476116797,8710.0,2251.0,90.00003218077504,3.265986323710904,0.0,1.0
3687,25,1.1283791670955126,11612.0,2254.0,45.00001609038752,0.0,0.0,0.0
3688,3745150,436.736674941086,323.56717354445084,2527.183370492504,-25.827387285796366,524.4880108713529,386.1989625043818,1726.343325219257
3689,25,1.1283791670955126,11614.0,2261.0,45.00001609038752,0.0,0.0,0.0
3690,1150,7.653039857325812,7609.086956521739,2271.1739130434785,-3.9471958289910396,19.575439356147747,3.152203913887382,33.48528137423857
3691,10914775,745.5769082230682,6235.071421536403,2730.3498491723376,-13.768354293408573,854.3485415502792,705.4090843940772,4538.443143199616
3692,100,2.256758334191025,11615.75,2263.75,71.5650767661759,3.4641016151377544,1.4142135623730951,3.2071067811865475
3693,25,1.1283791670955126,11618.0,2265.0,45.00001609038752,0.0,0.0,0.0
3694,25,1.1283791670955126,11619.0,2266.0,45.00001609038752,0.0,0.0,0.0
3695,34125,41.68899109553381,11629.566300366301,2300.49010989011,-6.880148391117104,64.776476129058,30.669369672851865,184.3319984622144
3696,75,1.9544100476116797,6139.333333333333,2269.6666666666665,-45.00001609038752,2.3094010767585034,1.3333333333333333,3.414213562373095
3697,25,1.1283791670955126,11622.0,2269.0,45.00001609038752,0.0,0.0,0.0
3698,150,2.763953195770684,6158.666666666667,2272.1666666666665,12.93318302148842,4.363338213437162,1.65500979239906,5.0
3699,25,1.1283791670955126,6298.0,2271.0,45.00001609038752,0.0,0.0,0.0
3700,25,1.1283791670955126,11631.0,2273.0,45.00001609038752,0.0,0.0,0.0
3701,25,1.1283791670955126,11648.0,2273.0,45.00001609038752,0.0,0.0,0.0
3702,25,1.1283791670955126,11643.0,2274.0,45.00001609038752,0.0,0.0,0.0
3703,25,1.1283791670955126,11647.0,2274.0,45.00001609038752,0.0,0.0,0.0
3704,25,1.1283791670955126,6287.0,2282.0,45.00001609038752,0.0,0.0,0.0
3705,25,1.1283791670955126,6151.0,2286.0,45.00001609038752,0.0,0.0,0.0
3706,25,1.1283791670955126,6144.0,2287.0,45.00001609038752,0.0,0.0,0.0
3707,25,1.1283791670955126,7630.0,2287.0,45.00001609038752,0.0,0.0,0.0
3708,25,1.1283791670955126,6299.0,2289.0,45.00001609038752,0.0,0.0,0.0
3709,8806050,669.692798017571,6781.808103519739,2728.554959374521,8.70666067111265,798.044936726745,574.4184066310606,2373.4713549618646
3710,50,1.5957691216057308,7626.5,2293.0,90.00003218077504,2.0,0.0,0.0
3711,50,1.5957691216057308,6160.5,2301.0,90.00003218077504,2.0,0.0,0.0
3712,7359500,612.2223919288947,9169.020718119438,2650.9028160880493,26.293067290416282,747.9208402698251,641.2740945961788,4327.945668516559
3713,2186800,333.7256499837466,2029.9722425461862,2476.5849071702946,-66.39205391007678,547.4369262624884,215.38413067154315,1408.1006845321376
3714,2218450,336.1320138289551,1619.1759674547545,2502.2418805923053,42.16543020317804,427.06733781674194,295.2215786282245,1893.409342397239
3715,1294875,256.8023407594988,3171.2273771599575,2504.718602181678,18.322903272369935,322.1579740128898,225.98961463589103,1073.5777772109132
3716,400,4.51351666838205,4158.1875,2357.6875,21.855474603061708,10.151337665545261,2.1966664744749185,14.82842712474619
3717,25,1.1283791670955126,4159.0,2354.0,45.00001609038752,0.0,0.0,0.0
3718,1025,7.225151993843567,4170.341463414634,2354.7804878048782,-87.62706332362026,20.653138484914425,3.489584288139395,37.44974746830583
3719,25,1.1283791670955126,4182.0,2354.0,45.00001609038752,0.0,0.0,0.0
3720,458350,152.78603932681307,115.84264208574234,2443.3769499290934,-8.355320664812776,200.25009205041687,133.2374390777507,631.2152954766495
3721,25,1.1283791670955126,4161.0,2357.0,45.00001609038752,0.0,0.0,0.0
3722,400,4.51351666838205,4164.1875,2359.8125,-81.98005766009572,5.351638855800547,4.270241393303874,13.65685424949238
3723,275,3.742410318509555,4172.090909090909,2358.2727272727275,-86.01303903002082,8.454128256016611,1.6857535459249053,10.207106781186548
3724,50,1.5957691216057308,4176.5,2360.0,90.00003218077504,2.0,0.0,0.0
3725,175,2.985410660720923,4179.857142857143,2360.714285714286,85.69220654836944,4.993927366567251,1.772659614960501,6.207106781186548
3726,875,6.6755811781245455,4169.085714285714,2364.542857142857,56.434970238775264,9.258943785289436,6.75780129540645,28.485281374238568
3727,125,2.5231325220201604,4173.6,2361.2,84.84760710407011,4.093338188813542,1.563516060678838,4.414213562373095
3728,275,3.742410318509555,4182.727272727273,2363.2727272727275,-82.5748603763085,6.449409906027776,2.340831482469435,11.414213562373096
3729,100,2.256758334191025,4189.25,2363.25,71.5650767661759,3.4641016151377544,1.4142135623730951,3.2071067811865475
3730,200,3.1915382432114616,4175.625,2364.75,-70.67012114204893,4.1204045563213505,2.4025541184843804,7.035533905932738
3731,25,1.1283791670955126,4164.0,2365.0,45.00001609038752,0.0,0.0,0.0
3732,25,1.1283791670955126,4165.0,2367.0,45.00001609038752,0.0,0.0,0.0
3733,50,1.5957691216057308,4166.5,2368.0,90.00003218077504,2.0,0.0,0.0
3734,25,1.1283791670955126,4174.0,2368.0,45.00001609038752,0.0,0.0,0.0
3735,25,1.1283791670955126,4168.0,2369.0,45.00001609038752,0.0,0.0,0.0
3736,175,2.985410660720923,4170.714285714285,2370.4285714285716,81.65040707825256,4.155374705678736,1.9054711331003737,7.207106781186548
3737,3751500,437.1067673726392,3995.702492336399,2652.346261495402,-51.56171525071081,533.5133968081153,372.5609854070764,2021.5758646386093
3738,182775,96.48136769117018,6041.690466420462,2447.1981945014363,-56.10504336396976,183.18223069478566,59.111908793074434,564.2508293825822
3739,50,1.5957691216057308,6119.0,2402.5,0.0,2.0,0.0,0.0
3740,25,1.1283791670955126,859.0,2405.0,45.00001609038752,0.0,0.0,0.0
3741,25,1.1283791670955126,9465.0,2405.0,45.00001609038752,0.0,0.0,0.0
3742,100,2.256758334191025,5079.5,2407.0,-31.71748575249332,3.23606797749979,1.2360679774997898,4.414213562373095
3743,500,5.046265044040321,5087.6,2409.5,44.66479000877999,12.454924679013867,2.1713708204936544,17.071067811865476
3744,25,1.1283791670955126,9464.0,2406.0,45.00001609038752,0.0,0.0,0.0
3745,25,1.1283791670955126,9468.0,2406.0,45.00001609038752,0.0,0.0,0.0
3746,175,2.985410660720923,855.2857142857143,2408.0,0.0,3.0237157840738176,2.799416848895061,6.82842712474619
3747,25,1.1283791670955126,9452.0,2407.0,45.00001609038752,0.0,0.0,0.0
3748,50,1.5957691216057308,9462.5,2407.0,90.00003218077504,2.0,0.0,0.0
3749,25,1.1283791670955126,9449.0,2408.0,45.00001609038752,0.0,0.0,0.0
3750,2300,10.823032759612019,5088.152173913043,2421.032608695652,25.371645509168054,26.953310585077148,5.556136725249052,58.45584412271571
3751,50,1.5957691216057308,9446.5,2409.0,90.00003218077504,2.0,0.0,0.0
3752,266275,116.45288485466652,9606.50352079617,2483.1316308327855,-45.51258661220432,162.89656363508433,95.26328997026097,513.2569260369921
3753,50,1.5957691216057308,852.5,2410.0,90.00003218077504,2.0,0.0,0.0
3754,25,1.1283791670955126,5092.0,2410.0,45.00001609038752,0.0,0.0,0.0
3755,25,1.1283791670955126,9444.0,2410.0,45.00001609038752,0.0,0.0,0.0
3756,25,1.1283791670955126,9443.0,2411.0,45.00001609038752,0.0,0.0,0.0
3757,25,1.1283791670955126,9441.0,2412.0,45.00001609038752,0.0,0.0,0.0
3758,50,1.5957691216057308,5079.0,2413.5,0.0,2.0,0.0,0.0
3759,175,2.985410660720923,5092.285714285715,2415.5714285714284,-30.963767603603344,4.0,2.2131333406899527,7.65685424949238
3760,25,1.1283791670955126,9438.0,2414.0,45.00001609038752,0.0,0.0,0.0
3761,25,1.1283791670955126,9437.0,2415.0,45.00001609038752,0.0,0.0,0.0
3762,25,1.1283791670955126,9482.0,2415.0,45.00001609038752,0.0,0.0,0.0
3763,50,1.5957691216057308,5094.0,2417.5,0.0,2.0,0.0,0.0
3764,25,1.1283791670955126,9432.0,2421.0,45.00001609038752,0.0,0.0,0.0
3765,25,1.1283791670955126,9431.0,2422.0,45.00001609038752,0.0,0.0,0.0
3766,50,1.5957691216057308,3483.5,2426.0,90.00003218077504,2.0,0.0,0.0
3767,25,1.1283791670955126,3480.0,2427.0,45.00001609038752,0.0,0.0,0.0
3768,25,1.1283791670955126,3479.0,2428.0,45.00001609038752,0.0,0.0,0.0
3769,50,1.5957691216057308,9427.0,2428.5,0.0,2.0,0.0,0.0
3770,25,1.1283791670955126,3478.0,2429.0,45.00001609038752,0.0,0.0,0.0
3771,25,1.1283791670955126,3475.0,2431.0,45.00001609038752,0.0,0.0,0.0
3772,75,1.9544100476116797,6114.333333333333,2431.3333333333335,45.00001609038752,2.3094010767585034,1.3333333333333333,3.414213562373095
3773,25,1.1283791670955126,3474.0,2432.0,45.00001609038752,0.0,0.0,0.0
3774,50,1.5957691216057308,5091.0,2434.5,0.0,2.0,0.0,0.0
3775,25,1.1283791670955126,3472.0,2435.0,45.00001609038752,0.0,0.0,0.0
3776,25,1.1283791670955126,5092.0,2436.0,45.00001609038752,0.0,0.0,0.0
3777,4708975,489.72045843192063,2169.9333294400585,2684.0720114249916,-64.45463530277401,788.4162369025239,367.5353733914071,2207.286542757264
3778,25,1.1283791670955126,3983.0,2439.0,45.00001609038752,0.0,0.0,0.0
3779,111100,75.2215164484409,3910.9752475247524,2474.636813681368,-63.7600446895275,96.63229899940855,59.587444791680774,274.8772003600252
3780,50,1.5957691216057308,9498.0,2463.5,0.0,2.0,0.0,0.0
3781,275,3.742410318509555,6101.545454545455,2466.2727272727275,-88.8070597390166,7.1085632921390784,2.4623909608278876,11.207106781186548
3782,170950,93.30815616493042,8751.793506873355,2522.1548698449838,-19.663757118700623,104.87766394446032,87.60838653994365,340.14927829866735
3783,25,1.1283791670955126,3476.0,2468.0,45.00001609038752,0.0,0.0,0.0
3784,250,3.5682482323055424,3501.9,2471.5,18.225468106562648,6.278890666435926,2.1013167298015336,10.414213562373096
3785,25,1.1283791670955126,3482.0,2475.0,45.00001609038752,0.0,0.0,0.0
3786,25,1.1283791670955126,3483.0,2476.0,45.00001609038752,0.0,0.0,0.0
3787,25,1.1283791670955126,3484.0,2477.0,45.00001609038752,0.0,0.0,0.0
3788,25,1.1283791670955126,3485.0,2478.0,45.00001609038752,0.0,0.0,0.0
3789,25,1.1283791670955126,9493.0,2478.0,45.00001609038752,0.0,0.0,0.0
3790,25,1.1283791670955126,3486.0,2479.0,45.00001609038752,0.0,0.0,0.0
3791,289225,121.3676575247339,3801.902670930936,2550.9247990318954,-58.16258973804825,186.59008139257648,89.42352280341035,513.5117600329311
3792,250,3.5682482323055424,9489.1,2483.0,-23.047353536831338,7.494574520626023,1.694506640524969,8.0
3793,16500,28.988585676524604,4197.534848484848,2495.240909090909,46.751780444301154,36.494255398233626,24.810984131639543,110.91168824543142
3794,25,1.1283791670955126,9435.0,2482.0,45.00001609038752,0.0,0.0,0.0
3795,75,1.9544100476116797,2941.3333333333335,2483.6666666666665,-45.00001609038752,2.3094010767585034,1.3333333333333333,3.414213562373095
3796,25,1.1283791670955126,9438.0,2485.0,45.00001609038752,0.0,0.0,0.0
3797,1250,7.978845608028654,2933.8,2490.48,-38.595089352933726,12.5680239498091,8.742904208386642,38.14213562373095
3798,50,1.5957691216057308,2942.0,2486.5,0.0,2.0,0.0,0.0
3799,50,1.5957691216057308,2950.5,2486.0,90.00003218077504,2.0,0.0,0.0
3800,25,1.1283791670955126,9439.0,2486.0,45.00001609038752,0.0,0.0,0.0
3801,25,1.1283791670955126,2928.0,2487.0,45.00001609038752,0.0,0.0,0.0
3802,375,4.370193722368317,2947.733333333333,2488.5333333333333,69.07811644648076,8.703264004460802,2.8573251092180696,13.414213562373096
3803,425,4.652426491681278,2960.0,2488.0588235294117,-85.40170259076328,6.738216636382801,3.1734027484831833,13.035533905932738
3804,25,1.1283791670955126,9440.0,2487.0,45.00001609038752,0.0,0.0,0.0
3805,75,1.9544100476116797,2953.0,2488.0,90.00003218077504,3.265986323710904,0.0,1.0
3806,25,1.1283791670955126,3507.0,2488.0,45.00001609038752,0.0,0.0,0.0
3807,25,1.1283791670955126,2941.0,2489.0,45.00001609038752,0.0,0.0,0.0
3808,175,2.985410660720923,2954.8571428571427,2490.1428571428573,75.12758621445207,4.0456382356289255,2.415966245432733,6.035533905932738
3809,4601225,484.085183587519,9608.783215339394,2768.0167890072753,-21.142777593932482,559.1313539237369,450.8796035126271,2865.413526479345
3810,50,1.5957691216057308,2938.0,2490.5,0.0,2.0,0.0,0.0
3811,25,1.1283791670955126,2943.0,2490.0,45.00001609038752,0.0,0.0,0.0
3812,650,5.753627391751592,3507.6923076923076,2497.3846153846152,17.183164700352567,18.427387589447935,1.904377299919727,26.621320343559645
3813,4758625,492.2954205988662,10432.687782710342,3032.3266647403398,11.593603869801218,1201.9467098133462,216.77147265861444,3572.416664540925
3814,525,5.170882945826411,2941.0,2494.2380952380954,8.076969312584211,6.300013345330035,5.360609639167804,16.27817459305202
3815,25,1.1283791670955126,9479.0,2492.0,45.00001609038752,0.0,0.0,0.0
3816,50,1.5957691216057308,2957.5,2493.0,90.00003218077504,2.0,0.0,0.0
3817,100,2.256758334191025,2930.5,2496.5,45.00001609038752,2.0,2.0,4.0
3818,275,3.742410318509555,2937.181818181818,2497.4545454545455,54.78658250491684,4.902484655865512,3.3769306667340433,9.621320343559642
3819,25,1.1283791670955126,2944.0,2497.0,45.00001609038752,0.0,0.0,0.0
3820,300,3.9088200952233594,2932.6666666666665,2500.0833333333335,-25.98476616698065,6.792450565910323,2.5768960179724587,10.82842712474619
3821,6769300,587.1606407168565,5266.902877697842,2835.9065043652963,-63.45933625171572,671.5886806415201,534.7005200099659,3193.4744930234438
3822,38025,44.00678751672499,8815.399737015121,2523.404996712689,17.412090688281708,59.58942281359208,33.71132681680279,166.95331880577402
3823,700,5.970821321441846,2936.714285714286,2503.6071428571427,-80.69218284895732,11.426553273152651,5.121503554929098,20.035533905932738
3824,25,1.1283791670955126,2943.0,2503.0,45.00001609038752,0.0,0.0,0.0
3825,50,1.5957691216057308,2930.5,2504.0,90.00003218077504,2.0,0.0,0.0
3826,75,1.9544100476116797,2930.3333333333335,2506.6666666666665,-45.00001609038752,2.3094010767585034,1.3333333333333333,3.414213562373095
3827,25,1.1283791670955126,2936.0,2506.0,45.00001609038752,0.0,0.0,0.0
3828,50,1.5957691216057308,2938.5,2506.0,90.00003218077504,2.0,0.0,0.0
3829,25,1.1283791670955126,2935.0,2507.0,45.00001609038752,0.0,0.0,0.0
3830,4415000,474.18783577842834,3538.2734541336354,2724.232078142695,39.26417042522657,535.0066898016479,436.8677524564688,1780.4570696119915
3831,1533650,279.478358931999,10199.351742574903,2742.771590649757,-4.7793157907338495,431.91062315778737,189.71591150543858,1135.5067093990478
3832,42825,46.70181302831116,8848.777583187391,2544.516053706947,-15.226012281191622,56.31002507106501,39.972233996482736,166.71067811865476
3833,49800,50.36162401186487,8964.03514056225,2549.4046184738954,-45.6257531573734,57.50141992516293,45.45008848508864,178.12489168102786
3834,100,2.256758334191025,6155.25,2525.25,18.43495541459913,3.4641016151377544,1.4142135623730951,3.2071067811865475
3835,25,1.1283791670955126,6157.0,2525.0,45.00001609038752,0.0,0.0,0.0
3836,25,1.1283791670955126,6158.0,2527.0,45.00001609038752,0.0,0.0,0.0
3837,3180225,402.45189681030865,8244.630191260052,2777.0935075348443,-15.093279656268352,472.9845257962665,357.0616143325751,1619.8073580374357
3838,233000,108.93389076376423,8796.933690987124,2614.8742489270385,17.300740057231145,150.10736268696542,83.26978025480305,414.8183258569795
3839,7013175,597.6437649352004,2968.9927992670937,2960.7399038238746,-12.002402000956687,893.6813538388451,448.50290331868837,3885.7009357883867
3840,25,1.1283791670955126,1640.0,2565.0,45.00001609038752,0.0,0.0,0.0
3841,250,3.5682482323055424,11335.2,2568.5,0.0,4.09878030638384,2.9933259094191533,8.82842712474619
3842,15250,27.868909599918855,2957.1967213114754,2585.3590163934427,71.0927458212384,32.08859799846524,25.854214468254618,105.43250352560273
3843,4623300,485.2450262361925,890.2017822767287,2837.552213786689,6.143949715666305,568.5758608674403,434.4719336082031,1831.0722933011414
3844,444775,150.50649401399025,5026.984486538137,2636.9185543252206,-69.428015332341,176.63792054776368,136.6767781832934,545.144227664784
3845,2303800,342.53696227770035,8601.205877246288,2802.2732333535896,-23.565823777814202,490.88554559609395,312.8818806891827,2406.3973285571687
3846,200,3.1915382432114616,3736.5,2577.5,0.0,4.47213595499958,2.0,8.0
3847,22575,33.90774703361832,2937.9911406423034,2610.7796234772977,-3.357821071302817,43.88117223405604,26.534813137709943,120.81118318204308
3848,800,6.383076486422923,1633.8125,2598.03125,-37.76541668316461,10.003805285088088,4.883211527063274,23.727922061357855
3849,25,1.1283791670955126,1637.0,2602.0,45.00001609038752,0.0,0.0,0.0
3850,425,4.652426491681278,1626.764705882353,2605.5882352941176,-48.11293173566708,7.218906868992993,3.038082317916846,13.313708498984761
3851,25,1.1283791670955126,1634.0,2603.0,45.00001609038752,0.0,0.0,0.0
3852,25,1.1283791670955126,2965.0,2607.0,45.00001609038752,0.0,0.0,0.0
3853,25,1.1283791670955126,1654.0,2608.0,45.00001609038752,0.0,0.0,0.0
3854,25,1.1283791670955126,1656.0,2608.0,45.00001609038752,0.0,0.0,0.0
3855,25,1.1283791670955126,1621.0,2609.0,45.00001609038752,0.0,0.0,0.0
3856,175,2.985410660720923,2966.285714285714,2610.5714285714284,-75.47272493679381,5.233702101680046,2.6871187559966647,5.207106781186548
3857,25,1.1283791670955126,1620.0,2610.0,45.00001609038752,0.0,0.0,0.0
3858,50,1.5957691216057308,2962.5,2610.0,90.00003218077504,2.0,0.0,0.0
3859,25,1.1283791670955126,1616.0,2613.0,45.00001609038752,0.0,0.0,0.0
3860,25,1.1283791670955126,1613.0,2617.0,45.00001609038752,0.0,0.0,0.0
3861,32525,40.69993424688112,1609.4289008455034,2665.606456571868,16.257168996405767,86.69904554182897,26.7493891224055,206.30256121069155
3862,50,1.5957691216057308,2963.5,2619.0,90.00003218077504,2.0,0.0,0.0
3863,705450,189.5475493730711,1792.8620738535687,2738.427315897654,1.4644048418575188,218.380889925845,178.64220177404363,727.5939751330899
3864,1467350,273.3706674804114,9977.254063447712,2750.130524414761,61.67449315274468,302.07113830891325,260.17424293166727,1042.8376618407356
3865,25,1.1283791670955126,1735.0,2629.0,45.00001609038752,0.0,0.0,0.0
3866,25,1.1283791670955126,2969.0,2630.0,45.00001609038752,0.0,0.0,0.0
3867,878425,211.51316243524755,3297.6862851125593,2819.971141531719,17.231731459496135,332.2289812534659,153.42392368567576,987.4234482783625
3868,50,1.5957691216057308,1750.5,2642.0,90.00003218077504,2.0,0.0,0.0
3869,375,4.370193722368317,1738.0,2653.0,-6.264406094502101,8.175321131103694,2.7983550650330447,12.485281374238571
3870,25,1.1283791670955126,1730.0,2655.0,45.00001609038752,0.0,0.0,0.0
3871,25,1.1283791670955126,1614.0,2657.0,45.00001609038752,0.0,0.0,0.0
3872,25,1.1283791670955126,1616.0,2661.0,45.00001609038752,0.0,0.0,0.0
3873,25,1.1283791670955126,1742.0,2664.0,45.00001609038752,0.0,0.0,0.0
3874,25,1.1283791670955126,1620.0,2668.0,45.00001609038752,0.0,0.0,0.0
3875,25,1.1283791670955126,1621.0,2669.0,45.00001609038752,0.0,0.0,0.0
3876,25,1.1283791670955126,1664.0,2672.0,45.00001609038752,0.0,0.0,0.0
3877,1089600,235.56925163895505,1558.3542813876652,2801.6954157488985,-51.59220007759289,287.5277937230371,195.86668517118724,1056.2955980045044
3878,25,1.1283791670955126,1660.0,2675.0,45.00001609038752,0.0,0.0,0.0
3879,8436725,655.4989518849216,444.5170786057386,3032.022016837102,15.566102380449443,704.1716324156558,622.080262559003,2911.822689407835
3880,25,1.1283791670955126,1658.0,2676.0,45.00001609038752,0.0,0.0,0.0
3881,25,1.1283791670955126,1657.0,2677.0,45.00001609038752,0.0,0.0,0.0
3882,127025,80.43214610340422,8838.727415863019,2773.160795119071,-1.8881653275890957,160.8764206043163,57.6160476354718,576.6000717874997
3883,50,1.5957691216057308,4742.5,2697.0,90.00003218077504,2.0,0.0,0.0
3884,75,1.9544100476116797,8969.666666666666,2700.6666666666665,45.00001609038752,2.3094010767585034,1.3333333333333333,3.414213562373095
3885,275,3.742410318509555,1627.4545454545455,2704.2727272727275,-3.0577528764851722,6.410747983365109,1.9649396885733192,11.207106781186548
3886,25,1.1283791670955126,4760.0,2702.0,45.00001609038752,0.0,0.0,0.0
3887,50,1.5957691216057308,4772.5,2704.0,90.00003218077504,2.0,0.0,0.0
3888,50,1.5957691216057308,8969.5,2704.0,90.00003218077504,2.0,0.0,0.0
3889,218100,105.3932720256353,9025.374598807886,2763.6885602934435,54.51858843476519,151.33198371923805,78.16932233162056,426.9015869776647
3890,788250,200.3627780938857,11376.578591817317,2836.3828100222013,8.767705360129373,265.1166471700894,155.3450544251947,755.4112549695428
3891,25,1.1283791670955126,8970.0,2708.0,45.00001609038752,0.0,0.0,0.0
3892,25,1.1283791670955126,480.0,2710.0,45.00001609038752,0.0,0.0,0.0
3893,50,1.5957691216057308,482.5,2710.0,90.00003218077504,2.0,0.0,0.0
3894,25,1.1283791670955126,487.0,2710.0,45.00001609038752,0.0,0.0,0.0
3895,25,1.1283791670955126,476.0,2713.0,45.00001609038752,0.0,0.0,0.0
3896,95275,69.65856663028393,8755.732616111256,2761.411702965101,22.06620388587626,81.70789163959822,60.75142364151502,253.35028842544403
3897,50,1.5957691216057308,472.0,2724.5,0.0,2.0,0.0,0.0
3898,4618575,484.99700330312163,2357.2255403452364,3033.9116015221143,0.053466412498170864,664.199071487222,367.9388405037152,2527.262156139625
3899,68725,59.16194307556981,8800.441615132775,2777.984357948345,-10.994941282775923,101.12390500551516,40.851183222928306,274.69343417595167
3900,100,2.256758334191025,521.25,2741.0,0.0,2.8284271247461903,1.7320508075688772,4.621320343559642
3901,25,1.1283791670955126,472.0,2741.0,45.00001609038752,0.0,0.0,0.0
3902,25,1.1283791670955126,473.0,2746.0,45.00001609038752,0.0,0.0,0.0
3903,283275,120.11276901892708,8955.235989762597,2808.8790927543905,59.842304021779455,169.36594354219093,89.6575022498964,594.4051583151329
3904,25,1.1283791670955126,5015.0,2749.0,45.00001609038752,0.0,0.0,0.0
3905,50,1.5957691216057308,5004.5,2750.0,90.00003218077504,2.0,0.0,0.0
3906,75,1.9544100476116797,5016.666666666667,2751.3333333333335,-45.00001609038752,2.3094010767585034,1.3333333333333333,3.414213562373095
3907,1100,7.48482063701911,5008.659090909091,2753.818181818182,88.21810187405168,16.9127213171697,3.708536918719508,32.31370849898476
3908,25,1.1283791670955126,475.0,2753.0,45.00001609038752,0.0,0.0,0.0
3909,33375,41.228325120254915,2167.4082397003745,2779.6516853932585,-45.44252056069196,50.76874362870238,36.15070902971046,163.71067811865476
3910,25,1.1283791670955126,3197.0,2758.0,45.00001609038752,0.0,0.0,0.0
3911,150,2.763953195770684,5010.5,2762.1666666666665,59.03626457717169,4.320493798938573,1.8856180831641272,6.621320343559642
3912,1198550,247.06608479047296,4824.43944766593,2925.438175295148,8.905995232316766,310.43384190049215,199.9519608726431,1233.3900064134828
3913,25,1.1283791670955126,502.0,2775.0,45.00001609038752,0.0,0.0,0.0
3914,25,1.1283791670955126,496.0,2777.0,45.00001609038752,0.0,0.0,0.0
3915,1347325,261.951710787336,8765.261740856884,2944.92351511328,25.831031588840613,305.23976192383543,228.44854583930743,960.6255044256658
3916,25,1.1283791670955126,3182.0,2782.0,45.00001609038752,0.0,0.0,0.0
3917,425,4.652426491681278,4897.764705882353,2789.3529411764707,-3.8426266601306,9.418764702030241,3.170967924428528,15.48528137423857
3918,25,1.1283791670955126,3797.0,2787.0,45.00001609038752,0.0,0.0,0.0
3919,25,1.1283791670955126,3798.0,2789.0,45.00001609038752,0.0,0.0,0.0
3920,25,1.1283791670955126,5037.0,2790.0,45.00001609038752,0.0,0.0,0.0
3921,1363725,263.54116172954537,1698.1250618709785,2943.974646647968,-33.4145368412181,303.3318111186569,234.78087390508296,939.2001435749994
3922,1050,7.312732791431452,3796.0,2798.0238095238096,1.7771771347086407,14.598650993929642,5.364240931149011,33.520815280171306
3923,375,4.370193722368317,3800.9333333333334,2795.5333333333333,25.157281830311685,7.127012295971256,4.006262619639278,10.82842712474619
3924,1132550,240.16722893765572,2135.8149971303696,3021.791775197563,-1.8646930102159067,405.1725436429354,154.56403965850947,1030.802127934803
3925,250,3.5682482323055424,4895.6,2800.7,-9.525507771639653,8.514285572357002,1.3809204149238348,8.0
3926,675,5.863230142835039,3805.5555555555557,2805.037037037037,5.932502000832395,13.3338362443843,2.839613766697941,20.44974746830583
3927,250,3.5682482323055424,3791.5,2804.3,37.534304831848864,6.218285588473019,1.973049502721301,10.242640687119284
3928,120050,78.19268695868081,8875.715743440232,2860.2792586422324,6.536793671703261,125.59259270837761,56.172816391690866,393.445742854949
3929,775,6.282549314314218,3796.516129032258,2810.8709677419356,5.023822712690082,8.624193897162645,5.707760906599938,21.485281374238568
3930,100,2.256758334191025,3793.5,2808.5,45.00001609038752,2.0,2.0,4.0
3931,25,1.1283791670955126,3801.0,2808.0,45.00001609038752,0.0,0.0,0.0
3932,325,4.068428945128219,5889.384615384615,2809.5384615384614,84.44178165016997,7.805018269804354,2.433500872079314,13.242640687119286
3933,50,1.5957691216057308,3802.0,2812.5,0.0,2.0,0.0,0.0
3934,150,2.763953195770684,3806.5,2813.5,-18.43495541459913,3.9999999999999996,1.632993161855452,6.414213562373095
3935,100,2.256758334191025,3789.5,2813.5,45.00001609038752,2.0,2.0,4.0
3936,125,2.5231325220201604,3794.8,2815.6,71.5650767661759,3.098386676965933,1.7888543819998317,5.207106781186548
3937,650,5.753627391751592,3799.3846153846152,2819.6153846153848,19.85938678678,10.930773567994601,4.845283179225689,22.44974746830583
3938,100,2.256758334191025,3792.25,2817.75,-18.43495541459913,3.4641016151377544,1.4142135623730951,3.2071067811865475
3939,200,3.1915382432114616,3804.875,2818.5,73.45082938245902,6.709592008613057,2.1751724248794173,7.414213562373096
3940,50,1.5957691216057308,3793.0,2820.5,0.0,2.0,0.0,0.0
3941,25,1.1283791670955126,3804.0,2822.0,45.00001609038752,0.0,0.0,0.0
3942,25,1.1283791670955126,3811.0,2824.0,45.00001609038752,0.0,0.0,0.0
3943,25,1.1283791670955126,1117.0,2825.0,45.00001609038752,0.0,0.0,0.0
3944,75,1.9544100476116797,3807.6666666666665,2825.6666666666665,45.00001609038752,2.3094010767585034,1.3333333333333333,3.414213562373095
3945,25,1.1283791670955126,4896.0,2834.0,45.00001609038752,0.0,0.0,0.0
3946,150,2.763953195770684,8942.5,2837.6666666666665,90.00003218077504,3.8297084310253524,1.8856180831641272,6.414213562373095
3947,150,2.763953195770684,8947.0,2837.8333333333335,53.130121351576776,3.8297084310253524,1.8856180831641265,6.207106781186548
3948,25,1.1283791670955126,8945.0,2839.0,45.00001609038752,0.0,0.0,0.0
3949,25,1.1283791670955126,8949.0,2840.0,45.00001609038752,0.0,0.0,0.0
3950,50,1.5957691216057308,5083.5,2841.0,90.00003218077504,2.0,0.0,0.0
3951,375,4.370193722368317,5094.933333333333,2841.5333333333333,85.4570449395488,8.966485355453496,2.3762543666203797,13.82842712474619
3952,25,1.1283791670955126,5100.0,2841.0,45.00001609038752,0.0,0.0,0.0
3953,425,4.652426491681278,5103.470588235294,2842.235294117647,-76.63858220781108,7.9584298967428815,3.0677024664917796,14.242640687119284
3954,1401375,267.15434243172905,8465.769262331638,3023.968245473196,38.21995587150098,391.8947048707991,187.86183478512908,1025.065150626205
3955,25,1.1283791670955126,8911.0,2841.0,45.00001609038752,0.0,0.0,0.0
3956,25,1.1283791670955126,8910.0,2842.0,45.00001609038752,0.0,0.0,0.0
3957,1262350,253.55661610744318,4001.619380520458,2941.9302293341784,-85.46982120508862,310.79354448620194,215.17401724437318,937.955410846827
3958,25,1.1283791670955126,8909.0,2843.0,45.00001609038752,0.0,0.0,0.0
3959,50,1.5957691216057308,5064.0,2844.5,0.0,2.0,0.0,0.0
3960,25,1.1283791670955126,8908.0,2844.0,45.00001609038752,0.0,0.0,0.0
3961,25,1.1283791670955126,8954.0,2844.0,45.00001609038752,0.0,0.0,0.0
3962,25,1.1283791670955126,4900.0,2845.0,45.00001609038752,0.0,0.0,0.0
3963,25,1.1283791670955126,8907.0,2845.0,45.00001609038752,0.0,0.0,0.0
3964,450,4.787307364817192,8960.611111111111,2848.9444444444443,-2.9025635095257685,8.279359615714435,2.997176763423838,15.863961030678926
3965,25,1.1283791670955126,4901.0,2846.0,45.00001609038752,0.0,0.0,0.0
3966,25,1.1283791670955126,4965.0,2846.0,45.00001609038752,0.0,0.0,0.0
3967,25,1.1283791670955126,8955.0,2847.0,45.00001609038752,0.0,0.0,0.0
3968,5661725,536.9816444317511,4479.656328239185,3140.340496933355,-69.6488373118475,616.6240761309954,528.3501838415377,2682.2846301849604
3969,25,1.1283791670955126,8958.0,2850.0,45.00001609038752,0.0,0.0,0.0
3970,980250,223.4361710848665,1859.133817903596,3013.9831930629944,-27.07591214288471,305.358185839895,175.06899716378675,871.7737367038067
3971,25,1.1283791670955126,9401.0,2853.0,45.00001609038752,0.0,0.0,0.0
3972,50,1.5957691216057308,9403.0,2853.5,0.0,2.0,0.0,0.0
3973,25,1.1283791670955126,4906.0,2854.0,45.00001609038752,0.0,0.0,0.0
3974,2370975,347.49498583884355,3733.68119655416,3056.1458366283914,-24.552426656235195,378.70056457516057,334.70675708024777,1276.3656197958435
3975,25,1.1283791670955126,4907.0,2855.0,45.00001609038752,0.0,0.0,0.0
3976,25,1.1283791670955126,4908.0,2856.0,45.00001609038752,0.0,0.0,0.0
3977,25,1.1283791670955126,4912.0,2860.0,45.00001609038752,0.0,0.0,0.0
3978,760500,196.80433671757248,1380.236291913215,2966.8507232084157,-44.774281871043904,230.5621958351577,175.38635226056385,760.8509011700819
3979,12800,25.532305945691693,3211.984375,2883.23828125,9.169242292625919,44.360247030806846,16.725911928805782,117.46194077712559
3980,75,1.9544100476116797,8900.666666666666,2861.6666666666665,45.00001609038752,2.3094010767585034,1.3333333333333333,3.414213562373095
3981,50,1.5957691216057308,4954.5,2862.0,90.00003218077504,2.0,0.0,0.0
3982,175,2.985410660720923,9403.714285714286,2863.0,-56.599315494703966,4.796702691401646,1.7646790841090736,7.207106781186548
3983,25,1.1283791670955126,3395.0,2863.0,45.00001609038752,0.0,0.0,0.0
3984,25,1.1283791670955126,3400.0,2863.0,45.00001609038752,0.0,0.0,0.0
3985,25,1.1283791670955126,4953.0,2863.0,45.00001609038752,0.0,0.0,0.0
3986,3484150,421.24375650157793,9931.630634444557,3030.801314524346,76.29088273579771,591.6711584947162,329.14471003136157,2877.5262248515537
3987,100,2.256758334191025,4918.0,2864.25,90.00003218077504,2.8284271247461903,1.7320508075688772,4.621320343559642
3988,25,1.1283791670955126,4951.0,2864.0,45.00001609038752,0.0,0.0,0.0
3989,25,1.1283791670955126,9406.0,2864.0,45.00001609038752,0.0,0.0,0.0
3990,25,1.1283791670955126,2197.0,2865.0,45.00001609038752,0.0,0.0,0.0
3991,25,1.1283791670955126,3392.0,2865.0,45.00001609038752,0.0,0.0,0.0
3992,25,1.1283791670955126,4950.0,2865.0,45.00001609038752,0.0,0.0,0.0
3993,454525,152.14719242506578,8989.928826797206,2948.4698311424013,26.4554968592762,164.87359806291295,145.26996610973316,576.4640328181787
3994,25,1.1283791670955126,9401.0,2865.0,45.00001609038752,0.0,0.0,0.0
3995,25,1.1283791670955126,3389.0,2867.0,45.00001609038752,0.0,0.0,0.0
3996,14975,27.616489409343153,4930.263772954925,2885.033388981636,3.870827905966353,41.21557517149257,20.7116719289899,113.18376618407356
3997,25,1.1283791670955126,3388.0,2868.0,45.00001609038752,0.0,0.0,0.0
3998,25,1.1283791670955126,4944.0,2868.0,45.00001609038752,0.0,0.0,0.0
3999,200,3.1915382432114616,9388.625,2869.5,-71.42087714508885,5.897049156755745,2.2304284886107313,6.207106781186548
4000,25,1.1283791670955126,4943.0,2869.0,45.00001609038752,0.0,0.0,0.0
4001,5975,17.44431859350499,9044.598326359832,2878.092050209205,26.234216002319236,24.392750824118757,15.9738441601775,81.0477272147525
4002,25,1.1283791670955126,695.0,2871.0,45.00001609038752,0.0,0.0,0.0
4003,100,2.256758334191025,9383.5,2871.0,90.00003218077504,4.47213595499958,0.0,2.0
4004,50,1.5957691216057308,9379.5,2872.0,90.00003218077504,2.0,0.0,0.0
4005,50,1.5957691216057308,9377.5,2873.0,90.00003218077504,2.0,0.0,0.0
4006,50,1.5957691216057308,9375.5,2874.0,90.00003218077504,2.0,0.0,0.0
4007,25,1.1283791670955126,8961.0,2875.0,45.00001609038752,0.0,0.0,0.0
4008,50,1.5957691216057308,9373.5,2875.0,90.00003218077504,2.0,0.0,0.0
4009,50,1.5957691216057308,9400.5,2875.0,90.00003218077504,2.0,0.0,0.0
4010,25,1.1283791670955126,9403.0,2875.0,45.00001609038752,0.0,0.0,0.0
4011,100,2.256758334191025,9423.5,2875.5,45.00001609038752,2.0,2.0,4.0
4012,25,1.1283791670955126,9372.0,2876.0,45.00001609038752,0.0,0.0,0.0
4013,175,2.985410660720923,9369.285714285714,2878.285714285714,45.00001609038752,5.656854249492381,1.3997084244475309,7.414213562373095
4014,25,1.1283791670955126,9408.0,2877.0,45.00001609038752,0.0,0.0,0.0
4015,25,1.1283791670955126,1892.0,2881.0,45.00001609038752,0.0,0.0,0.0
4016,25,1.1283791670955126,9367.0,2881.0,45.00001609038752,0.0,0.0,0.0
4017,50,1.5957691216057308,9429.5,2881.0,90.00003218077504,2.0,0.0,0.0
4018,225,3.385137501286538,10058.666666666666,2883.0,7.627562078870795,6.586417573021535,1.685623260404093,8.0
4019,50,1.5957691216057308,9427.0,2882.5,0.0,2.0,0.0,0.0
4020,175,2.985410660720923,9436.714285714286,2885.1428571428573,-4.30782563240559,4.99392736656725,1.772659614960501,6.207106781186548
4021,100,2.256758334191025,691.5,2886.0,31.71748575249332,3.23606797749979,1.2360679774997898,4.414213562373095
4022,275,3.742410318509555,9363.181818181818,2887.2727272727275,2.46355585470349,4.854444919780395,2.858303992038103,9.82842712474619
4023,25,1.1283791670955126,9365.0,2885.0,45.00001609038752,0.0,0.0,0.0
4024,25,1.1283791670955126,9418.0,2885.0,45.00001609038752,0.0,0.0,0.0
4025,125,2.5231325220201604,9432.2,2885.4,71.5650767661759,3.098386676965933,1.7888543819998317,5.207106781186548
4026,25,1.1283791670955126,8902.0,2886.0,45.00001609038752,0.0,0.0,0.0
4027,25,1.1283791670955126,8903.0,2887.0,45.00001609038752,0.0,0.0,0.0
4028,25,1.1283791670955126,8951.0,2891.0,45.00001609038752,0.0,0.0,0.0
4029,25,1.1283791670955126,9436.0,2891.0,45.00001609038752,0.0,0.0,0.0
4030,25,1.1283791670955126,9360.0,2892.0,45.00001609038752,0.0,0.0,0.0
4031,25,1.1283791670955126,8948.0,2893.0,45.00001609038752,0.0,0.0,0.0
4032,25,1.1283791670955126,8946.0,2894.0,45.00001609038752,0.0,0.0,0.0
4033,25,1.1283791670955126,8944.0,2895.0,45.00001609038752,0.0,0.0,0.0
4034,25,1.1283791670955126,9359.0,2895.0,45.00001609038752,0.0,0.0,0.0
4035,25,1.1283791670955126,8941.0,2896.0,45.00001609038752,0.0,0.0,0.0
4036,25,1.1283791670955126,9358.0,2897.0,45.00001609038752,0.0,0.0,0.0
4037,75,1.9544100476116797,9357.0,2900.0,0.0,3.265986323710904,0.0,1.0
4038,1756375,299.0843429793155,11493.946566080705,3065.0248950252653,1.9646482921146338,314.80750206325564,289.59443897307636,1420.8691911333117
4039,25,1.1283791670955126,9356.0,2903.0,45.00001609038752,0.0,0.0,0.0
4040,2231425,337.1135447359338,10237.987855294263,3176.8259632297745,-8.394699682073691,571.141851721077,246.21428985861021,1624.7636354360397
4041,75,1.9544100476116797,9355.0,2909.0,0.0,3.265986323710904,0.0,1.0
4042,25,1.1283791670955126,2788.0,2909.0,45.00001609038752,0.0,0.0,0.0
4043,25,1.1283791670955126,8917.0,2914.0,45.00001609038752,0.0,0.0,0.0
4044,345625,132.67455184007076,1075.906039783002,2997.819240506329,-28.76110533386836,174.23176441542984,101.60857963014277,499.45793616376875
4045,25,1.1283791670955126,9354.0,2915.0,45.00001609038752,0.0,0.0,0.0
4046,100,2.256758334191025,8918.0,2920.5,0.0,4.47213595499958,0.0,2.0
4047,1505450,276.89698247698914,1546.8940017934838,3114.3790727025143,27.924873454781306,363.3041487628129,240.7605836328261,1338.2194795587557
4048,25,1.1283791670955126,3.0,2929.0,45.00001609038752,0.0,0.0,0.0
4049,50,1.5957691216057308,9455.0,2943.5,0.0,2.0,0.0,0.0
4050,25,1.1283791670955126,9454.0,2945.0,45.00001609038752,0.0,0.0,0.0
4051,25,1.1283791670955126,22.0,2947.0,45.00001609038752,0.0,0.0,0.0
4052,125,2.5231325220201604,33.4,2948.6,20.993613754469656,4.34169545110285,1.27658944452507,4.207106781186548
4053,25,1.1283791670955126,9354.0,2948.0,45.00001609038752,0.0,0.0,0.0
4054,25,1.1283791670955126,9450.0,2950.0,45.00001609038752,0.0,0.0,0.0
4055,4038825,453.53684323393145,9042.708281492762,3212.920026245257,-71.8288423477538,560.4858321236447,392.0827336606501,2812.1525958289963
4056,125,2.5231325220201604,34.0,2953.0,-31.71748575249332,4.093338188813542,1.5635160606788385,5.414213562373095
4057,100,2.256758334191025,9355.0,2956.5,0.0,4.47213595499958,0.0,2.0
4058,25,1.1283791670955126,9451.0,2955.0,45.00001609038752,0.0,0.0,0.0
4059,25,1.1283791670955126,9455.0,2955.0,45.00001609038752,0.0,0.0,0.0
4060,50,1.5957691216057308,9454.5,2958.0,90.00003218077504,2.0,0.0,0.0
4061,50,1.5957691216057308,9356.0,2959.5,0.0,2.0,0.0,0.0
4062,21950,33.43507619667515,9083.162870159453,2983.110478359909,48.68315149441385,67.68000072139246,26.49744169810241,195.16042558696057
4063,25,1.1283791670955126,9454.0,2965.0,45.00001609038752,0.0,0.0,0.0
4064,50,1.5957691216057308,9458.0,2965.5,0.0,2.0,0.0,0.0
4065,25,1.1283791670955126,9358.0,2966.0,45.00001609038752,0.0,0.0,0.0
4066,25,1.1283791670955126,9455.0,2966.0,45.00001609038752,0.0,0.0,0.0
4067,25,1.1283791670955126,9454.0,2967.0,45.00001609038752,0.0,0.0,0.0
4068,25,1.1283791670955126,9359.0,2969.0,45.00001609038752,0.0,0.0,0.0
4069,50,1.5957691216057308,9454.0,2971.5,0.0,2.0,0.0,0.0
4070,25,1.1283791670955126,9360.0,2972.0,45.00001609038752,0.0,0.0,0.0
4071,25,1.1283791670955126,9455.0,2973.0,45.00001609038752,0.0,0.0,0.0
4072,3447525,419.0238733754005,5651.26104234197,3138.8479126329757,-86.35044885175266,505.8856819216711,362.3932602171466,1591.502704785691
4073,25,1.1283791670955126,9361.0,2974.0,45.00001609038752,0.0,0.0,0.0
4074,25,1.1283791670955126,9454.0,2974.0,45.00001609038752,0.0,0.0,0.0
4075,4046175,453.94933703746267,1964.3700902704406,3266.883148899887,68.15270296739226,565.783143206325,416.71271863605637,3111.2440456451445
4076,25,1.1283791670955126,9453.0,2975.0,45.00001609038752,0.0,0.0,0.0
4077,25,1.1283791670955126,9362.0,2976.0,45.00001609038752,0.0,0.0,0.0
4078,25,1.1283791670955126,9454.0,2976.0,45.00001609038752,0.0,0.0,0.0
4079,200,3.1915382432114616,9450.375,2979.625,-8.677015420719343,5.321869122843981,1.7826129808008924,7.0
4080,3373300,414.48855020398935,4995.065744226722,3236.9582159902766,-18.096852071597173,478.06651746032935,393.3575198251813,3344.565942839592
4081,50,1.5957691216057308,9681.0,2980.5,0.0,2.0,0.0,0.0
4082,200,3.1915382432114616,9453.75,2981.875,54.64504264869654,4.507893913753563,2.104493398028036,8.242640687119284
4083,50,1.5957691216057308,9365.5,2982.0,90.00003218077504,2.0,0.0,0.0
4084,25,1.1283791670955126,9367.0,2983.0,45.00001609038752,0.0,0.0,0.0
4085,50,1.5957691216057308,9447.5,2986.0,90.00003218077504,2.0,0.0,0.0
4086,50,1.5957691216057308,8243.0,2987.5,0.0,2.0,0.0,0.0
4087,50,1.5957691216057308,9683.0,2987.5,0.0,2.0,0.0,0.0
4088,89525,67.52385363482017,9078.743088522759,3026.3962580284838,33.496509198502906,85.3115010147716,55.845852074025714,254.5512985522207
4089,50,1.5957691216057308,9684.0,2989.5,0.0,2.0,0.0,0.0
4090,50,1.5957691216057308,8245.5,2991.0,90.00003218077504,2.0,0.0,0.0
4091,25,1.1283791670955126,9434.0,2991.0,45.00001609038752,0.0,0.0,0.0
4092,50,1.5957691216057308,9445.0,2991.5,0.0,2.0,0.0,0.0
4093,25,1.1283791670955126,9433.0,2992.0,45.00001609038752,0.0,0.0,0.0
4094,25,1.1283791670955126,7262.0,2993.0,45.00001609038752,0.0,0.0,0.0
4095,25,1.1283791670955126,9374.0,2993.0,45.00001609038752,0.0,0.0,0.0
4096,25,1.1283791670955126,9432.0,2993.0,45.00001609038752,0.0,0.0,0.0
4097,250,3.5682482323055424,7260.2,2995.5,29.256275778885154,5.17543153804948,3.431458639552981,7.82842712474619
4098,25,1.1283791670955126,9430.0,2995.0,45.00001609038752,0.0,0.0,0.0
4099,50,1.5957691216057308,9441.5,2995.0,90.00003218077504,2.0,0.0,0.0
4100,25,1.1283791670955126,9429.0,2996.0,45.00001609038752,0.0,0.0,0.0
4101,275,3.742410318509555,8248.90909090909,2998.3636363636365,-15.070698164777372,4.346129984141888,3.067356324605906,9.414213562373096
4102,25,1.1283791670955126,9427.0,2997.0,45.00001609038752,0.0,0.0,0.0
4103,25,1.1283791670955126,9381.0,2998.0,45.00001609038752,0.0,0.0,0.0
4104,75,1.9544100476116797,7259.0,2999.0,90.00003218077504,3.265986323710904,0.0,1.0
4105,25,1.1283791670955126,9383.0,2999.0,45.00001609038752,0.0,0.0,0.0
4106,25,1.1283791670955126,9106.0,3000.0,45.00001609038752,0.0,0.0,0.0
4107,25,1.1283791670955126,9423.0,3000.0,45.00001609038752,0.0,0.0,0.0
4108,19400,31.433006326383836,9422.280927835052,3019.860824742268,64.84573129390435,40.7537620330136,27.69330355311231,154.78174593052023
4109,25,1.1283791670955126,7258.0,3001.0,45.00001609038752,0.0,0.0,0.0
4110,600,5.527906391541368,9108.083333333334,3007.0833333333335,8.960595419357182,14.686350745641189,2.0220978101423004,23.207106781186546
4111,1881850,309.5833223712069,4074.667508037304,3166.140393761458,52.43155444082321,429.549378313953,260.9932495922946,2436.9322497184635
4112,50,1.5957691216057308,7255.5,3002.0,90.00003218077504,2.0,0.0,0.0
4113,25,1.1283791670955126,8250.0,3002.0,45.00001609038752,0.0,0.0,0.0
4114,25,1.1283791670955126,9390.0,3002.0,45.00001609038752,0.0,0.0,0.0
4115,25,1.1283791670955126,7259.0,3003.0,45.00001609038752,0.0,0.0,0.0
4116,25,1.1283791670955126,9417.0,3003.0,45.00001609038752,0.0,0.0,0.0
4117,3332300,411.96194653977363,8179.706854124779,3185.205661254989,-78.07716871207728,614.2498288577677,287.12127170444523,1736.6580797387683
4118,75,1.9544100476116797,9409.666666666666,3004.3333333333335,-45.00001609038752,2.3094010767585034,1.3333333333333333,3.414213562373095
4119,25,1.1283791670955126,9416.0,3004.0,45.00001609038752,0.0,0.0,0.0
4120,25,1.1283791670955126,9415.0,3005.0,45.00001609038752,0.0,0.0,0.0
4121,25,1.1283791670955126,9411.0,3006.0,45.00001609038752,0.0,0.0,0.0
4122,25,1.1283791670955126,9436.0,3008.0,45.00001609038752,0.0,0.0,0.0
4123,300,3.9088200952233594,9437.916666666666,3012.25,16.966223073512133,8.710343461881033,1.7374710544222736,11.207106781186548
4124,225,3.385137501286538,10332.888888888889,3012.8888888888887,45.00001609038752,5.163977794943222,2.2222222222222228,9.65685424949238
4125,2081400,325.5838318105964,6087.129324012683,3141.9105529931776,79.40861115691062,411.1861705900542,267.86454616168754,1383.0996385116111
4126,175,2.985410660720923,9302.285714285714,3012.8571428571427,86.05846111304609,6.679120530303046,1.325404044229481,6.414213562373096
4127,50,1.5957691216057308,9307.5,3012.0,90.00003218077504,2.0,0.0,0.0
4128,275,3.742410318509555,9312.0,3013.4545454545455,85.17313741058278,7.459303905143905,1.8969593227564192,11.414213562373096
4129,50,1.5957691216057308,9441.0,3013.5,0.0,2.0,0.0,0.0
4130,25,1.1283791670955126,9299.0,3014.0,45.00001609038752,0.0,0.0,0.0
4131,100,2.256758334191025,9317.0,3014.75,90.00003218077504,2.8284271247461903,1.7320508075688772,4.621320343559642
4132,4117825,457.9509855126014,9677.265340319222,3215.6919550976545,81.28306496777509,908.0658595275517,292.0306223209979,2704.7516215959695
4133,25,1.1283791670955126,10329.0,3015.0,45.00001609038752,0.0,0.0,0.0
4134,25,1.1283791670955126,9295.0,3016.0,45.00001609038752,0.0,0.0,0.0
4135,25,1.1283791670955126,9319.0,3016.0,45.00001609038752,0.0,0.0,0.0
4136,25,1.1283791670955126,10327.0,3016.0,45.00001609038752,0.0,0.0,0.0
4137,100,2.256758334191025,9292.0,3017.5,-58.28254642828171,3.23606797749979,1.2360679774997898,4.414213562373095
4138,25,1.1283791670955126,9323.0,3017.0,45.00001609038752,0.0,0.0,0.0
4139,25,1.1283791670955126,10326.0,3017.0,45.00001609038752,0.0,0.0,0.0
4140,25,1.1283791670955126,10339.0,3017.0,45.00001609038752,0.0,0.0,0.0
4141,375,4.370193722368317,10322.6,3021.0666666666666,-32.81964949542062,9.309395950603271,2.3743144815111683,14.449747468305832
4142,25,1.1283791670955126,10340.0,3018.0,45.00001609038752,0.0,0.0,0.0
4143,50,1.5957691216057308,9289.5,3019.0,90.00003218077504,2.0,0.0,0.0
4144,100,2.256758334191025,10343.5,3019.0,90.00003218077504,4.47213595499958,0.0,2.0
4145,25,1.1283791670955126,9288.0,3020.0,45.00001609038752,0.0,0.0,0.0
4146,50,1.5957691216057308,10346.5,3020.0,90.00003218077504,2.0,0.0,0.0
4147,25,1.1283791670955126,9287.0,3021.0,45.00001609038752,0.0,0.0,0.0
4148,25,1.1283791670955126,9286.0,3022.0,45.00001609038752,0.0,0.0,0.0
4149,25,1.1283791670955126,9285.0,3023.0,45.00001609038752,0.0,0.0,0.0
4150,916975,216.10449616178983,6544.607541099812,3154.652498704981,37.126204900278815,251.16988118529147,199.4690488435802,812.2468247692254
4151,25,1.1283791670955126,9284.0,3024.0,45.00001609038752,0.0,0.0,0.0
4152,25,1.1283791670955126,9283.0,3025.0,45.00001609038752,0.0,0.0,0.0
4153,775,6.282549314314218,9127.258064516129,3028.7741935483873,-69.99007979852038,11.0587516606187,4.566716129132674,20.899494936611667
4154,25,1.1283791670955126,9282.0,3026.0,45.00001609038752,0.0,0.0,0.0
4155,25,1.1283791670955126,9343.0,3026.0,45.00001609038752,0.0,0.0,0.0
4156,150,2.763953195770684,10320.0,3028.5,0.0,6.831300510639732,0.0,4.0
4157,25,1.1283791670955126,10352.0,3026.0,45.00001609038752,0.0,0.0,0.0
4158,25,1.1283791670955126,9281.0,3027.0,45.00001609038752,0.0,0.0,0.0
4159,75,1.9544100476116797,10353.0,3028.0,0.0,3.265986323710904,0.0,1.0
4160,25,1.1283791670955126,9345.0,3028.0,45.00001609038752,0.0,0.0,0.0
4161,25,1.1283791670955126,9280.0,3029.0,45.00001609038752,0.0,0.0,0.0
4162,25,1.1283791670955126,9346.0,3029.0,45.00001609038752,0.0,0.0,0.0
4163,100,2.256758334191025,10354.0,3031.5,0.0,4.47213595499958,0.0,2.0
4164,25,1.1283791670955126,9279.0,3031.0,45.00001609038752,0.0,0.0,0.0
4165,100600,71.57873935753756,8849.602882703777,3086.261431411531,-56.646470617967296,125.73071172963573,47.413627441767126,322.43354954612926
4166,25,1.1283791670955126,9356.0,3032.0,45.00001609038752,0.0,0.0,0.0
4167,25,1.1283791670955126,9349.0,3033.0,45.00001609038752,0.0,0.0,0.0
4168,25,1.1283791670955126,10355.0,3035.0,45.00001609038752,0.0,0.0,0.0
4169,25,1.1283791670955126,10321.0,3037.0,45.00001609038752,0.0,0.0,0.0
4170,50,1.5957691216057308,9362.5,3038.0,90.00003218077504,2.0,0.0,0.0
4171,8575,20.897874625046462,7864.6909620991255,3074.527696793003,9.551016341007253,88.01328425119834,6.797713901768401,172.76955262170048
4172,25,1.1283791670955126,9275.0,3039.0,45.00001609038752,0.0,0.0,0.0
4173,50,1.5957691216057308,10322.0,3039.5,0.0,2.0,0.0,0.0
4174,25,1.1283791670955126,4815.0,3041.0,45.00001609038752,0.0,0.0,0.0
4175,25,1.1283791670955126,8876.0,3041.0,45.00001609038752,0.0,0.0,0.0
4176,200,3.1915382432114616,9270.875,3041.875,45.00001609038752,3.4641016151377544,2.7386127875258306,7.414213562373095
4177,50,1.5957691216057308,10323.0,3041.5,0.0,2.0,0.0,0.0
4178,75,1.9544100476116797,8873.666666666666,3043.6666666666665,45.00001609038752,2.3094010767585034,1.3333333333333333,3.414213562373095
4179,50,1.5957691216057308,10324.0,3043.5,0.0,2.0,0.0,0.0
4180,50,1.5957691216057308,9274.0,3044.5,0.0,2.0,0.0,0.0
4181,25,1.1283791670955126,9354.0,3045.0,45.00001609038752,0.0,0.0,0.0
4182,50,1.5957691216057308,10325.0,3045.5,0.0,2.0,0.0,0.0
4183,125,2.5231325220201604,9270.6,3046.8,18.43495541459913,3.098386676965933,1.7888543819998317,5.207106781186548
4184,25,1.1283791670955126,9318.0,3046.0,45.00001609038752,0.0,0.0,0.0
4185,25,1.1283791670955126,10355.0,3046.0,45.00001609038752,0.0,0.0,0.0
4186,2431300,351.8878972124276,7751.7069571834,3309.968360547855,-36.8534471564285,406.60876969929274,327.60384214196273,1621.7991693419726
4187,125,2.5231325220201604,9274.0,3049.0,0.0,5.656854249492381,0.0,3.0
4188,25,1.1283791670955126,9317.0,3047.0,45.00001609038752,0.0,0.0,0.0
4189,25,1.1283791670955126,9319.0,3047.0,45.00001609038752,0.0,0.0,0.0
4190,25,1.1283791670955126,10326.0,3047.0,45.00001609038752,0.0,0.0,0.0
4191,717250,191.12624764393775,8708.965040083653,3148.8345765074937,75.8117846502316,217.48378816088896,176.02517678422367,737.1158364337876
4192,25,1.1283791670955126,10327.0,3048.0,45.00001609038752,0.0,0.0,0.0
4193,25,1.1283791670955126,10354.0,3048.0,45.00001609038752,0.0,0.0,0.0
4194,50,1.5957691216057308,9318.0,3049.5,0.0,2.0,0.0,0.0
4195,25,1.1283791670955126,10328.0,3049.0,45.00001609038752,0.0,0.0,0.0
4196,25,1.1283791670955126,10353.0,3049.0,45.00001609038752,0.0,0.0,0.0
4197,50,1.5957691216057308,10329.5,3050.0,90.00003218077504,2.0,0.0,0.0
4198,75,1.9544100476116797,10353.666666666666,3050.6666666666665,45.00001609038752,2.3094010767585034,1.3333333333333333,3.414213562373095
4199,25,1.1283791670955126,10331.0,3051.0,45.00001609038752,0.0,0.0,0.0
4200,25,1.1283791670955126,9317.0,3052.0,45.00001609038752,0.0,0.0,0.0
4201,25,1.1283791670955126,9319.0,3052.0,45.00001609038752,0.0,0.0,0.0
4202,25,1.1283791670955126,10335.0,3052.0,45.00001609038752,0.0,0.0,0.0
4203,25,1.1283791670955126,9318.0,3053.0,45.00001609038752,0.0,0.0,0.0
4204,50,1.5957691216057308,10333.5,3053.0,90.00003218077504,2.0,0.0,0.0
4205,225,3.385137501286538,4798.888888888889,3056.222222222222,-23.64531347603306,5.670233719167883,2.047957172979266,9.207106781186548
4206,1574500,283.17596389421993,5348.253921879962,3239.4841854557003,22.18649138720233,322.35832281037887,262.4561929689282,1225.5382386916237
4207,50,1.5957691216057308,9275.0,3062.5,0.0,2.0,0.0,0.0
4208,25,1.1283791670955126,9276.0,3068.0,45.00001609038752,0.0,0.0,0.0
4209,25,1.1283791670955126,4788.0,3071.0,45.00001609038752,0.0,0.0,0.0
4210,75,1.9544100476116797,4792.666666666667,3072.3333333333335,-45.00001609038752,2.3094010767585034,1.3333333333333333,3.414213562373095
4211,225,3.385137501286538,4796.333333333333,3075.0,13.282530337894192,4.708788181923399,2.504347879633133,9.242640687119284
4212,25,1.1283791670955126,4794.0,3074.0,45.00001609038752,0.0,0.0,0.0
4213,25,1.1283791670955126,1039.0,3075.0,45.00001609038752,0.0,0.0,0.0
4214,425,4.652426491681278,4793.176470588235,3078.5882352941176,14.97284707394926,6.1192249988349126,3.732592670435879,13.035533905932738
4215,25,1.1283791670955126,1038.0,3077.0,45.00001609038752,0.0,0.0,0.0
4216,150,2.763953195770684,1037.6666666666667,3079.3333333333335,-45.00001609038752,3.6514837167011076,2.10818510677892,5.414213562373095
4217,25,1.1283791670955126,1040.0,3078.0,45.00001609038752,0.0,0.0,0.0
4218,250,3.5682482323055424,9284.0,3080.9,0.0,5.782732917920384,2.5298221281347035,8.449747468305832
4219,50,1.5957691216057308,1044.5,3079.0,90.00003218077504,2.0,0.0,0.0
4220,25,1.1283791670955126,1042.0,3080.0,45.00001609038752,0.0,0.0,0.0
4221,50,1.5957691216057308,1046.5,3080.0,90.00003218077504,2.0,0.0,0.0
4222,100,2.256758334191025,4787.25,3081.0,0.0,2.8284271247461903,1.7320508075688772,4.621320343559642
4223,25,1.1283791670955126,1036.0,3081.0,45.00001609038752,0.0,0.0,0.0
4224,25,1.1283791670955126,4807.0,3083.0,45.00001609038752,0.0,0.0,0.0
4225,25,1.1283791670955126,9286.0,3083.0,45.00001609038752,0.0,0.0,0.0
4226,400,4.51351666838205,1352.5625,3087.0625,-66.21497912348434,13.965574531645434,1.9590119961491825,15.207106781186548
4227,225,3.385137501286538,9285.444444444445,3088.1111111111113,11.309936518046793,7.302967433402215,1.4054567378526126,7.0
4228,25,1.1283791670955126,9349.0,3086.0,45.00001609038752,0.0,0.0,0.0
4229,400,4.51351666838205,1364.75,3089.1875,59.506651726782344,8.134119229310112,2.696962061907335,12.65685424949238
4230,325,4.068428945128219,9290.76923076923,3090.0,25.066286182739017,5.577318563820872,2.942249351623098,11.86396103067893
4231,25,1.1283791670955126,1346.0,3090.0,45.00001609038752,0.0,0.0,0.0
4232,25,1.1283791670955126,9346.0,3090.0,45.00001609038752,0.0,0.0,0.0
4233,325,4.068428945128219,1341.3076923076924,3092.6153846153848,-55.22193884842461,9.716034465830598,1.9674510433310326,12.207106781186548
4234,25,1.1283791670955126,9345.0,3091.0,45.00001609038752,0.0,0.0,0.0
4235,25,1.1283791670955126,1370.0,3092.0,45.00001609038752,0.0,0.0,0.0
4236,25,1.1283791670955126,9344.0,3092.0,45.00001609038752,0.0,0.0,0.0
4237,25,1.1283791670955126,1380.0,3093.0,45.00001609038752,0.0,0.0,0.0
4238,25,1.1283791670955126,9295.0,3093.0,45.00001609038752,0.0,0.0,0.0
4239,50,1.5957691216057308,9342.5,3093.0,90.00003218077504,2.0,0.0,0.0
4240,25,1.1283791670955126,1382.0,3094.0,45.00001609038752,0.0,0.0,0.0
4241,25,1.1283791670955126,9293.0,3094.0,45.00001609038752,0.0,0.0,0.0
4242,25,1.1283791670955126,9296.0,3094.0,45.00001609038752,0.0,0.0,0.0
4243,25,1.1283791670955126,1387.0,3095.0,45.00001609038752,0.0,0.0,0.0
4244,25,1.1283791670955126,9294.0,3095.0,45.00001609038752,0.0,0.0,0.0
4245,25,1.1283791670955126,9299.0,3095.0,45.00001609038752,0.0,0.0,0.0
4246,25,1.1283791670955126,1337.0,3096.0,45.00001609038752,0.0,0.0,0.0
4247,25,1.1283791670955126,1388.0,3096.0,45.00001609038752,0.0,0.0,0.0
4248,25,1.1283791670955126,1336.0,3097.0,45.00001609038752,0.0,0.0,0.0
4249,25,1.1283791670955126,1389.0,3097.0,45.00001609038752,0.0,0.0,0.0
4250,25,1.1283791670955126,9337.0,3097.0,45.00001609038752,0.0,0.0,0.0
4251,25,1.1283791670955126,1335.0,3098.0,45.00001609038752,0.0,0.0,0.0
4252,25,1.1283791670955126,1391.0,3098.0,45.00001609038752,0.0,0.0,0.0
4253,25,1.1283791670955126,9304.0,3098.0,45.00001609038752,0.0,0.0,0.0
4254,150,2.763953195770684,1333.0,3100.1666666666665,-53.13012135157677,3.8297084310253524,1.8856180831641272,6.207106781186548
4255,25,1.1283791670955126,9308.0,3099.0,45.00001609038752,0.0,0.0,0.0
4256,25,1.1283791670955126,1394.0,3100.0,45.00001609038752,0.0,0.0,0.0
4257,100,2.256758334191025,11627.5,3100.0,90.00003218077504,4.47213595499958,0.0,2.0
4258,25,1.1283791670955126,1395.0,3101.0,45.00001609038752,0.0,0.0,0.0
4259,25,1.1283791670955126,11633.0,3101.0,45.00001609038752,0.0,0.0,0.0
4260,50,1.5957691216057308,1331.0,3102.5,0.0,2.0,0.0,0.0
4261,25,1.1283791670955126,11620.0,3102.0,45.00001609038752,0.0,0.0,0.0
4262,25,1.1283791670955126,11619.0,3103.0,45.00001609038752,0.0,0.0,0.0
4263,25,1.1283791670955126,1330.0,3104.0,45.00001609038752,0.0,0.0,0.0
4264,50,1.5957691216057308,1399.0,3104.5,0.0,2.0,0.0,0.0
4265,25,1.1283791670955126,11618.0,3104.0,45.00001609038752,0.0,0.0,0.0
4266,125,2.5231325220201604,1328.4,3106.4,-20.99361375446966,4.34169545110285,1.2765894445250698,4.207106781186548
4267,25,1.1283791670955126,11641.0,3105.0,45.00001609038752,0.0,0.0,0.0
4268,75,1.9544100476116797,1400.3333333333333,3106.6666666666665,-45.00001609038752,2.3094010767585034,1.3333333333333333,3.414213562373095
4269,25,1.1283791670955126,1402.0,3108.0,45.00001609038752,0.0,0.0,0.0
4270,50,1.5957691216057308,1327.0,3109.5,0.0,2.0,0.0,0.0
4271,25,1.1283791670955126,1403.0,3109.0,45.00001609038752,0.0,0.0,0.0
4272,25,1.1283791670955126,1326.0,3111.0,45.00001609038752,0.0,0.0,0.0
4273,25,1.1283791670955126,1325.0,3114.0,45.00001609038752,0.0,0.0,0.0
4274,25,1.1283791670955126,1406.0,3114.0,45.00001609038752,0.0,0.0,0.0
4275,25,1.1283791670955126,11630.0,3114.0,45.00001609038752,0.0,0.0,0.0
4276,75,1.9544100476116797,1324.0,3116.0,0.0,3.265986323710904,0.0,1.0
4277,25,1.1283791670955126,4840.0,3117.0,45.00001609038752,0.0,0.0,0.0
4278,50,1.5957691216057308,1323.0,3118.5,0.0,2.0,0.0,0.0
4279,25,1.1283791670955126,1322.0,3122.0,45.00001609038752,0.0,0.0,0.0
4280,25,1.1283791670955126,11641.0,3123.0,45.00001609038752,0.0,0.0,0.0
4281,25,1.1283791670955126,11640.0,3124.0,45.00001609038752,0.0,0.0,0.0
4282,25,1.1283791670955126,11639.0,3125.0,45.00001609038752,0.0,0.0,0.0
4283,75,1.9544100476116797,1321.0,3127.0,0.0,3.265986323710904,0.0,1.0
4284,25,1.1283791670955126,11637.0,3126.0,45.00001609038752,0.0,0.0,0.0
4285,75,1.9544100476116797,1320.0,3131.0,0.0,3.265986323710904,0.0,1.0
4286,25,1.1283791670955126,1414.0,3132.0,45.00001609038752,0.0,0.0,0.0
4287,50,1.5957691216057308,1368.5,3133.0,90.00003218077504,2.0,0.0,0.0
4288,25,1.1283791670955126,4840.0,3133.0,45.00001609038752,0.0,0.0,0.0
4289,175,2.985410660720923,1370.857142857143,3137.4285714285716,22.500008045193763,5.044815499854965,1.8123273572878904,7.207106781186548
4290,350,4.222008245644752,1319.0,3146.5,0.0,16.1245154965971,0.0,12.0
4291,875,6.6755811781245455,1374.3142857142857,3149.2,12.592897684800088,17.401267651518474,2.597480419248619,28.242640687119284
4292,150,2.763953195770684,8811.833333333334,3142.3333333333335,-57.75695586557756,4.93861174764721,1.6496136266144528,5.207106781186548
4293,25,1.1283791670955126,7771.0,3142.0,45.00001609038752,0.0,0.0,0.0
4294,25,1.1283791670955126,8809.0,3144.0,45.00001609038752,0.0,0.0,0.0
4295,25,1.1283791670955126,8808.0,3145.0,45.00001609038752,0.0,0.0,0.0
4296,25,1.1283791670955126,1418.0,3146.0,45.00001609038752,0.0,0.0,0.0
4297,25,1.1283791670955126,4835.0,3146.0,45.00001609038752,0.0,0.0,0.0
4298,1375,8.368283871884005,5946.418181818181,3158.8545454545456,5.87867892022829,28.249743101236437,2.9995506280679356,44.071067811865476
4299,25,1.1283791670955126,8806.0,3147.0,45.00001609038752,0.0,0.0,0.0
4300,25,1.1283791670955126,8805.0,3148.0,45.00001609038752,0.0,0.0,0.0
4301,25,1.1283791670955126,8804.0,3149.0,45.00001609038752,0.0,0.0,0.0
4302,175,2.985410660720923,8802.0,3152.0,-28.154976304217158,5.896459480240757,1.3428306554839582,7.414213562373095
4303,25,1.1283791670955126,8818.0,3150.0,45.00001609038752,0.0,0.0,0.0
4304,25,1.1283791670955126,8823.0,3152.0,45.00001609038752,0.0,0.0,0.0
4305,25,1.1283791670955126,8824.0,3153.0,45.00001609038752,0.0,0.0,0.0
4306,25,1.1283791670955126,8826.0,3155.0,45.00001609038752,0.0,0.0,0.0
4307,100,2.256758334191025,1826.5,3157.5,45.00001609038752,2.0,2.0,4.0
4308,73450,61.16189812646357,4808.462899931927,3195.63070115725,-10.799537641116714,75.17082804084285,50.406086183852395,218.8528137423857
4309,25,1.1283791670955126,11626.0,3158.0,45.00001609038752,0.0,0.0,0.0
4310,100,2.256758334191025,11628.0,3158.5,-58.28254642828171,3.23606797749979,1.2360679774997898,4.414213562373095
4311,200,3.1915382432114616,11633.0,3158.5,79.09932353989771,4.976979969245306,1.7971283720789095,8.414213562373096
4312,25,1.1283791670955126,11622.0,3160.0,45.00001609038752,0.0,0.0,0.0
4313,25,1.1283791670955126,11636.0,3160.0,45.00001609038752,0.0,0.0,0.0
4314,100,2.256758334191025,1320.0,3162.5,0.0,4.47213595499958,0.0,2.0
4315,25,1.1283791670955126,11553.0,3161.0,45.00001609038752,0.0,0.0,0.0
4316,25,1.1283791670955126,11619.0,3161.0,45.00001609038752,0.0,0.0,0.0
4317,75,1.9544100476116797,4934.333333333333,3162.3333333333335,45.00001609038752,2.3094010767585034,1.3333333333333333,3.414213562373095
4318,25,1.1283791670955126,11617.0,3162.0,45.00001609038752,0.0,0.0,0.0
4319,25,1.1283791670955126,11616.0,3163.0,45.00001609038752,0.0,0.0,0.0
4320,25,1.1283791670955126,11614.0,3164.0,45.00001609038752,0.0,0.0,0.0
4321,25,1.1283791670955126,1422.0,3165.0,45.00001609038752,0.0,0.0,0.0
4322,25,1.1283791670955126,11613.0,3165.0,45.00001609038752,0.0,0.0,0.0
4323,25,1.1283791670955126,11611.0,3166.0,45.00001609038752,0.0,0.0,0.0
4324,75,1.9544100476116797,4929.0,3167.0,90.00003218077504,3.265986323710904,0.0,1.0
4325,25,1.1283791670955126,11610.0,3167.0,45.00001609038752,0.0,0.0,0.0
4326,50,1.5957691216057308,11666.5,3168.0,90.00003218077504,2.0,0.0,0.0
4327,50,1.5957691216057308,11668.0,3169.5,0.0,2.0,0.0,0.0
4328,25,1.1283791670955126,11608.0,3170.0,45.00001609038752,0.0,0.0,0.0
4329,25,1.1283791670955126,11657.0,3170.0,45.00001609038752,0.0,0.0,0.0
4330,125,2.5231325220201604,1321.0,3173.0,0.0,5.656854249492381,0.0,3.0
4331,28975,38.414640859287665,5955.6859361518555,3241.7083692838655,4.455510734167455,95.65016707330354,21.89494748611911,255.9177848998413
4332,25,1.1283791670955126,8826.0,3171.0,45.00001609038752,0.0,0.0,0.0
4333,25,1.1283791670955126,11607.0,3171.0,45.00001609038752,0.0,0.0,0.0
4334,50,1.5957691216057308,1424.0,3172.5,0.0,2.0,0.0,0.0
4335,25,1.1283791670955126,4957.0,3172.0,45.00001609038752,0.0,0.0,0.0
4336,25,1.1283791670955126,11606.0,3172.0,45.00001609038752,0.0,0.0,0.0
4337,25,1.1283791670955126,11660.0,3172.0,45.00001609038752,0.0,0.0,0.0
4338,75,1.9544100476116797,8802.666666666666,3173.3333333333335,-45.00001609038752,2.3094010767585034,1.3333333333333333,3.414213562373095
4339,25,1.1283791670955126,11661.0,3173.0,45.00001609038752,0.0,0.0,0.0
4340,25,1.1283791670955126,11672.0,3173.0,45.00001609038752,0.0,0.0,0.0
4341,75,1.9544100476116797,8836.666666666666,3174.3333333333335,-45.00001609038752,2.3094010767585034,1.3333333333333333,3.414213562373095
4342,25,1.1283791670955126,8821.0,3175.0,45.00001609038752,0.0,0.0,0.0
4343,25,1.1283791670955126,8822.0,3176.0,45.00001609038752,0.0,0.0,0.0
4344,25,1.1283791670955126,11603.0,3176.0,45.00001609038752,0.0,0.0,0.0
4345,50,1.5957691216057308,1322.0,3178.5,0.0,2.0,0.0,0.0
4346,25,1.1283791670955126,4957.0,3178.0,45.00001609038752,0.0,0.0,0.0
4347,50,1.5957691216057308,8836.5,3178.0,90.00003218077504,2.0,0.0,0.0
4348,25,1.1283791670955126,11602.0,3178.0,45.00001609038752,0.0,0.0,0.0
4349,438725,149.47936570161573,8568.197846031113,3261.603453188216,34.29515660256435,197.68268657597525,119.58203283356208,562.3574311003804
4350,175,2.985410660720923,11600.857142857143,3181.5714285714284,10.900708640877316,3.6486656040768595,2.5058084612197162,7.242640687119286
4351,100,2.256758334191025,11681.5,3181.0,31.71748575249332,3.23606797749979,1.2360679774997898,4.414213562373095
4352,150,2.763953195770684,8833.5,3182.1666666666665,59.03626457717169,4.320493798938573,1.8856180831641272,6.621320343559642
4353,50,1.5957691216057308,8836.0,3181.5,0.0,2.0,0.0,0.0
4354,50,1.5957691216057308,1323.0,3182.5,0.0,2.0,0.0,0.0
4355,25,1.1283791670955126,1424.0,3183.0,45.00001609038752,0.0,0.0,0.0
4356,93600,69.04352870101911,11578.311164529914,3231.2735042735044,22.327840050846884,101.14857833869613,55.89123512622468,301.62846301849606
4357,50,1.5957691216057308,11683.0,3185.5,0.0,2.0,0.0,0.0
4358,25,1.1283791670955126,3895.0,3186.0,45.00001609038752,0.0,0.0,0.0
4359,25,1.1283791670955126,1324.0,3187.0,45.00001609038752,0.0,0.0,0.0
4360,75,1.9544100476116797,3898.0,3188.0,90.00003218077504,3.265986323710904,0.0,1.0
4361,1175,7.735777827895049,5949.212765957447,3201.574468085106,8.793075370629445,29.609611477210553,2.0186361414762684,45.0
4362,25,1.1283791670955126,11599.0,3188.0,45.00001609038752,0.0,0.0,0.0
4363,25,1.1283791670955126,11672.0,3188.0,45.00001609038752,0.0,0.0,0.0
4364,411425,144.7539401457058,11705.160296530352,3293.5288934799783,-28.418473721351646,170.39729106700148,132.9183800669116,920.0924958366747
4365,25,1.1283791670955126,3892.0,3190.0,45.00001609038752,0.0,0.0,0.0
4366,727175,192.44406625747567,5853.981606903428,3300.159212019115,-21.673646898637124,249.8887572760312,157.74859552361042,753.3290398693841
4367,25,1.1283791670955126,1325.0,3191.0,45.00001609038752,0.0,0.0,0.0
4368,25,1.1283791670955126,3890.0,3191.0,45.00001609038752,0.0,0.0,0.0
4369,25,1.1283791670955126,3889.0,3192.0,45.00001609038752,0.0,0.0,0.0
4370,25,1.1283791670955126,3888.0,3193.0,45.00001609038752,0.0,0.0,0.0
4371,25,1.1283791670955126,1326.0,3194.0,45.00001609038752,0.0,0.0,0.0
4372,25,1.1283791670955126,3887.0,3194.0,45.00001609038752,0.0,0.0,0.0
4373,50,1.5957691216057308,1327.0,3195.5,0.0,2.0,0.0,0.0
4374,375,4.370193722368317,1333.2,3198.8,-13.182712274940657,7.802236684765179,2.472199300536085,11.621320343559642
4375,25,1.1283791670955126,3913.0,3195.0,45.00001609038752,0.0,0.0,0.0
4376,25,1.1283791670955126,3914.0,3196.0,45.00001609038752,0.0,0.0,0.0
4377,125,2.5231325220201604,1328.4,3198.6,20.993613754469656,4.34169545110285,1.27658944452507,4.207106781186548
4378,25,1.1283791670955126,3915.0,3197.0,45.00001609038752,0.0,0.0,0.0
4379,100,2.256758334191025,11683.5,3199.5,45.00001609038752,2.0,2.0,4.0
4380,25,1.1283791670955126,1331.0,3202.0,45.00001609038752,0.0,0.0,0.0
4381,25,1.1283791670955126,11596.0,3202.0,45.00001609038752,0.0,0.0,0.0
4382,25,1.1283791670955126,11677.0,3203.0,45.00001609038752,0.0,0.0,0.0
4383,75,1.9544100476116797,3901.3333333333335,3209.6666666666665,-45.00001609038752,2.3094010767585034,1.3333333333333333,3.414213562373095
4384,550325,167.41511908503108,8711.65761141144,3290.2786535229184,65.59065654472552,204.23620591786167,144.9728229422315,657.8893936688451
4385,2108800,327.71985304143607,11488.349227048559,3378.9917607169955,70.9536776173002,349.1723202442632,311.5295808186269,1171.3422791987305
4386,25,1.1283791670955126,1336.0,3212.0,45.00001609038752,0.0,0.0,0.0
4387,25,1.1283791670955126,1337.0,3213.0,45.00001609038752,0.0,0.0,0.0
4388,25,1.1283791670955126,1339.0,3215.0,45.00001609038752,0.0,0.0,0.0
4389,25,1.1283791670955126,1340.0,3216.0,45.00001609038752,0.0,0.0,0.0
4390,25,1.1283791670955126,1341.0,3217.0,45.00001609038752,0.0,0.0,0.0
4391,25,1.1283791670955126,1342.0,3218.0,45.00001609038752,0.0,0.0,0.0
4392,25,1.1283791670955126,3891.0,3218.0,45.00001609038752,0.0,0.0,0.0
4393,75,1.9544100476116797,11689.666666666666,3218.6666666666665,45.00001609038752,2.3094010767585034,1.3333333333333333,3.414213562373095
4394,25,1.1283791670955126,3892.0,3219.0,45.00001609038752,0.0,0.0,0.0
4395,25,1.1283791670955126,3912.0,3219.0,45.00001609038752,0.0,0.0,0.0
4396,279250,119.25638647339508,9631.552820053716,3280.9256042972247,-49.91284772515148,139.06957223852072,104.82788394020614,423.3452377915607
4397,25,1.1283791670955126,1409.0,3220.0,45.00001609038752,0.0,0.0,0.0
4398,25,1.1283791670955126,3893.0,3220.0,45.00001609038752,0.0,0.0,0.0
4399,25,1.1283791670955126,3901.0,3220.0,45.00001609038752,0.0,0.0,0.0
4400,25,1.1283791670955126,1345.0,3221.0,45.00001609038752,0.0,0.0,0.0
4401,25,1.1283791670955126,1408.0,3221.0,45.00001609038752,0.0,0.0,0.0
4402,25,1.1283791670955126,1347.0,3222.0,45.00001609038752,0.0,0.0,0.0
4403,25,1.1283791670955126,1405.0,3222.0,45.00001609038752,0.0,0.0,0.0
4404,25,1.1283791670955126,11639.0,3222.0,45.00001609038752,0.0,0.0,0.0
4405,25,1.1283791670955126,1348.0,3223.0,45.00001609038752,0.0,0.0,0.0
4406,100,2.256758334191025,11640.25,3224.25,18.43495541459913,3.4641016151377544,1.4142135623730951,3.2071067811865475
4407,25,1.1283791670955126,1403.0,3224.0,45.00001609038752,0.0,0.0,0.0
4408,25,1.1283791670955126,1351.0,3225.0,45.00001609038752,0.0,0.0,0.0
4409,50,1.5957691216057308,1401.5,3225.0,90.00003218077504,2.0,0.0,0.0
4410,175,2.985410660720923,1354.4285714285713,3226.285714285714,80.38469255484472,5.672452304781605,1.5606183863895253,6.0
4411,97425,70.44014839445562,4260.703618167821,3282.9792147806006,2.994231784494338,122.68213919769305,41.870525971754994,293.4386001800126
4412,25,1.1283791670955126,228.0,3227.0,45.00001609038752,0.0,0.0,0.0
4413,125,2.5231325220201604,1359.2,3227.4,71.5650767661759,3.098386676965933,1.7888543819998317,5.207106781186548
4414,25,1.1283791670955126,1398.0,3227.0,45.00001609038752,0.0,0.0,0.0
4415,25,1.1283791670955126,11641.0,3227.0,45.00001609038752,0.0,0.0,0.0
4416,25,1.1283791670955126,1368.0,3228.0,45.00001609038752,0.0,0.0,0.0
4417,50,1.5957691216057308,1396.5,3228.0,90.00003218077504,2.0,0.0,0.0
4418,50,1.5957691216057308,1366.5,3229.0,90.00003218077504,2.0,0.0,0.0
4419,25,1.1283791670955126,1379.0,3229.0,45.00001609038752,0.0,0.0,0.0
4420,25,1.1283791670955126,1381.0,3229.0,45.00001609038752,0.0,0.0,0.0
4421,25,1.1283791670955126,1394.0,3229.0,45.00001609038752,0.0,0.0,0.0
4422,25,1.1283791670955126,1361.0,3230.0,45.00001609038752,0.0,0.0,0.0
4423,25,1.1283791670955126,1382.0,3230.0,45.00001609038752,0.0,0.0,0.0
4424,125,2.5231325220201604,1390.0,3230.0,90.00003218077504,5.656854249492381,0.0,3.0
4425,50,1.5957691216057308,9171.5,3237.0,90.00003218077504,2.0,0.0,0.0
4426,75,1.9544100476116797,9174.666666666666,3237.6666666666665,45.00001609038752,2.3094010767585034,1.3333333333333333,3.414213562373095
4427,100,2.256758334191025,9180.5,3237.5,45.00001609038752,2.0,2.0,4.0
4428,25,1.1283791670955126,232.0,3238.0,45.00001609038752,0.0,0.0,0.0
4429,25,1.1283791670955126,9170.0,3238.0,45.00001609038752,0.0,0.0,0.0
4430,900,6.770275002573076,230.30555555555554,3246.8333333333335,29.21225326588434,20.0942946379329,2.32210303606751,35.14213562373095
4431,100,2.256758334191025,236.0,3239.75,90.00003218077504,2.8284271247461903,1.7320508075688772,4.621320343559642
4432,1175,7.735777827895049,9176.127659574468,3243.5106382978724,36.75841115749496,9.74185981445479,7.476458713681567,29.31370849898476
4433,25,1.1283791670955126,9183.0,3240.0,45.00001609038752,0.0,0.0,0.0
4434,25,1.1283791670955126,234.0,3241.0,45.00001609038752,0.0,0.0,0.0
4435,150,2.763953195770684,11686.333333333334,3241.8333333333335,63.434971504986656,3.055050463303893,2.666666666666666,6.414213562373095
4436,75,1.9544100476116797,9182.666666666666,3242.3333333333335,-45.00001609038752,2.3094010767585034,1.3333333333333333,3.414213562373095
4437,25,1.1283791670955126,11602.0,3242.0,45.00001609038752,0.0,0.0,0.0
4438,1375,8.368283871884005,242.5818181818182,3247.6363636363635,55.216014850755144,17.612291553998546,4.24079901664723,35.21320343559643
4439,325,4.068428945128219,253.15384615384616,3249.3846153846152,60.1378663915826,6.826451716019601,2.4573583831608516,12.242640687119284
4440,25,1.1283791670955126,9172.0,3248.0,45.00001609038752,0.0,0.0,0.0
4441,50,1.5957691216057308,9179.5,3249.0,90.00003218077504,2.0,0.0,0.0
4442,25,1.1283791670955126,11687.0,3249.0,45.00001609038752,0.0,0.0,0.0
4443,50,1.5957691216057308,9181.5,3250.0,90.00003218077504,2.0,0.0,0.0
4444,25,1.1283791670955126,257.0,3252.0,45.00001609038752,0.0,0.0,0.0
4445,50,1.5957691216057308,9181.0,3252.5,0.0,2.0,0.0,0.0
4446,25,1.1283791670955126,11607.0,3252.0,45.00001609038752,0.0,0.0,0.0
4447,300,3.9088200952233594,259.3333333333333,3256.5833333333335,18.495284838051635,8.83113643789821,2.030305476113784,11.449747468305834
4448,25,1.1283791670955126,236.0,3255.0,45.00001609038752,0.0,0.0,0.0
4449,25,1.1283791670955126,245.0,3255.0,45.00001609038752,0.0,0.0,0.0
4450,50,1.5957691216057308,11678.5,3255.0,90.00003218077504,2.0,0.0,0.0
4451,57600,54.162200020584606,4513.063368055556,3280.202690972222,79.34241658133848,69.94906125270893,46.24629437710455,241.7584053334072
4452,25,1.1283791670955126,240.0,3261.0,45.00001609038752,0.0,0.0,0.0
4453,25,1.1283791670955126,11665.0,3261.0,45.00001609038752,0.0,0.0,0.0
4454,25,1.1283791670955126,259.0,3262.0,45.00001609038752,0.0,0.0,0.0
4455,25,1.1283791670955126,11664.0,3262.0,45.00001609038752,0.0,0.0,0.0
4456,25,1.1283791670955126,253.0,3263.0,45.00001609038752,0.0,0.0,0.0
4457,25,1.1283791670955126,257.0,3263.0,45.00001609038752,0.0,0.0,0.0
4458,25,1.1283791670955126,11663.0,3263.0,45.00001609038752,0.0,0.0,0.0
4459,25,1.1283791670955126,11662.0,3264.0,45.00001609038752,0.0,0.0,0.0
4460,1642625,289.2372802507033,4056.9803515714175,3417.1120006087817,-9.128896958866406,327.60643252134685,261.5534864027791,1013.7442994522837
4461,25,1.1283791670955126,11658.0,3267.0,45.00001609038752,0.0,0.0,0.0
4462,25,1.1283791670955126,9163.0,3268.0,45.00001609038752,0.0,0.0,0.0
4463,450,4.787307364817192,4760.777777777777,3274.777777777778,21.274020751628857,8.29087641870117,3.6382244092139473,14.65685424949238
4464,50,1.5957691216057308,9185.0,3272.5,0.0,2.0,0.0,0.0
4465,25,1.1283791670955126,11637.0,3272.0,45.00001609038752,0.0,0.0,0.0
4466,25,1.1283791670955126,11640.0,3272.0,45.00001609038752,0.0,0.0,0.0
4467,25,1.1283791670955126,11626.0,3273.0,45.00001609038752,0.0,0.0,0.0
4468,25,1.1283791670955126,11644.0,3273.0,45.00001609038752,0.0,0.0,0.0
4469,25,1.1283791670955126,10815.0,3274.0,45.00001609038752,0.0,0.0,0.0
4470,575,5.4115163798060095,4767.478260869565,3276.0434782608695,89.63894332089023,8.576709354829658,3.9959312870364663,17.86396103067893
4471,75,1.9544100476116797,4758.333333333333,3276.6666666666665,-45.00001609038752,2.3094010767585034,1.3333333333333333,3.414213562373095
4472,225,3.385137501286538,4778.222222222223,3278.3333333333335,43.0929779913541,4.445924037198835,2.8085726700785107,9.242640687119284
4473,625,5.641895835477563,4771.48,3280.84,85.55639498228292,10.087962014236338,4.424592907751488,19.035533905932738
4474,25,1.1283791670955126,4760.0,3279.0,45.00001609038752,0.0,0.0,0.0
4475,50,1.5957691216057308,9187.0,3285.5,0.0,2.0,0.0,0.0
4476,25,1.1283791670955126,9188.0,3288.0,45.00001609038752,0.0,0.0,0.0
4477,25,1.1283791670955126,10816.0,3288.0,45.00001609038752,0.0,0.0,0.0
4478,500,5.046265044040321,9189.2,3292.0,0.0,7.26636084983398,3.487119154832539,15.65685424949238
4479,25,1.1283791670955126,4602.0,3290.0,45.00001609038752,0.0,0.0,0.0
4480,100,2.256758334191025,10819.0,3290.5,58.28254642828171,3.23606797749979,1.2360679774997898,4.414213562373095
4481,150,2.763953195770684,10816.333333333334,3292.3333333333335,33.40071668607108,4.280786335436144,2.187688154526213,5.414213562373095
4482,1075,7.399277020331919,9190.767441860466,3306.3023255813955,14.199385649293308,22.905822460789242,3.3784844707481643,34.89949493661167
4483,100275,71.4630241029075,4511.160807778609,3342.7352281226626,-21.06646322622224,80.20761380216604,68.43100086498067,261.7228714274745
4484,750,6.180387232371033,10860.633333333333,3301.733333333333,89.99423682354868,18.91689436681569,2.5157275871036844,30.0
4485,79025,63.440603724332966,4584.647263524201,3340.9269218601708,-35.431561941967985,79.96398013447114,53.0794513219072,242.3086578651014
4486,25,1.1283791670955126,10869.0,3303.0,45.00001609038752,0.0,0.0,0.0
4487,200,3.1915382432114616,10915.375,3305.375,81.3230167600557,5.321869122843981,1.7826129808008924,7.0
4488,25,1.1283791670955126,6620.0,3310.0,45.00001609038752,0.0,0.0,0.0
4489,50,1.5957691216057308,6619.0,3311.5,0.0,2.0,0.0,0.0
4490,44550,47.63310685561105,5262.412457912458,3343.7452300785635,57.33447244646514,84.05544093493089,33.433181126103996,299.25588001646554
4491,25,1.1283791670955126,10901.0,3313.0,45.00001609038752,0.0,0.0,0.0
4492,50,1.5957691216057308,10906.0,3313.5,0.0,2.0,0.0,0.0
4493,425,4.652426491681278,9196.64705882353,3316.235294117647,34.008793058762095,5.434966813571374,4.0649009179071065,13.071067811865474
4494,25,1.1283791670955126,10887.0,3315.0,45.00001609038752,0.0,0.0,0.0
4495,10175,22.764193258431348,5224.334152334152,3335.7321867321866,-9.144193225555387,32.848339996623764,16.53284630931354,83.84062043356595
4496,25,1.1283791670955126,9195.0,3319.0,45.00001609038752,0.0,0.0,0.0
4497,200,3.1915382432114616,9196.875,3321.5,34.721989805543195,3.7521995422010908,2.7696567649270056,7.035533905932738
4498,566325,169.83137344697428,10681.80413190306,3401.5955944025072,88.42805944305573,195.6961565503999,152.46410065891283,613.889393668845
4499,125,2.5231325220201604,10902.4,3328.6,69.00641842630537,4.34169545110285,1.2765894445250698,4.207106781186548
4500,150,2.763953195770684,10898.166666666666,3329.1666666666665,85.26886938506854,5.39192040212807,1.4276923647012265,5.414213562373095
4501,100,2.256758334191025,10912.25,3329.25,71.5650767661759,3.4641016151377544,1.4142135623730951,3.2071067811865475
4502,1634350,288.5078196470878,5107.534310276256,3504.1390461039555,-35.22993944719247,337.39541538983866,262.9932687523273,1620.4753595752213
4503,1225,7.898654169668588,10906.326530612245,3333.285714285714,-85.79918297161996,21.8493215488453,6.067912272798193,45.44974746830583
4504,985975,224.08769355948596,9997.410101676007,3443.5956033367984,28.255448333411582,234.2089511896078,218.70591021815454,790.8498551495554
4505,125,2.5231325220201604,10876.8,3334.4,-71.5650767661759,3.098386676965933,1.7888543819998317,5.207106781186548
4506,25,1.1283791670955126,2019.0,3343.0,45.00001609038752,0.0,0.0,0.0
4507,50,1.5957691216057308,2022.5,3343.0,90.00003218077504,2.0,0.0,0.0
4508,50,1.5957691216057308,9179.5,3343.0,90.00003218077504,2.0,0.0,0.0
4509,25,1.1283791670955126,9178.0,3344.0,45.00001609038752,0.0,0.0,0.0
4510,3950,14.183506197980657,3106.7911392405063,3367.278481012658,11.36661040046375,40.94530947738189,5.402629874551431,87.62741699796952
4511,75,1.9544100476116797,9174.666666666666,3346.3333333333335,-45.00001609038752,2.3094010767585034,1.3333333333333333,3.414213562373095
4512,75,1.9544100476116797,9184.0,3347.0,90.00003218077504,3.265986323710904,0.0,1.0
4513,25,1.1283791670955126,5294.0,3349.0,45.00001609038752,0.0,0.0,0.0
4514,100,2.256758334191025,5298.0,3349.5,58.28254642828171,3.23606797749979,1.2360679774997898,4.414213562373095
4515,25,1.1283791670955126,5301.0,3349.0,45.00001609038752,0.0,0.0,0.0
4516,25,1.1283791670955126,5292.0,3350.0,45.00001609038752,0.0,0.0,0.0
4517,450,4.787307364817192,1290.888888888889,3353.1111111111113,-41.75034178859356,5.933882667267068,4.4164562574335005,13.692388155425117
4518,225,3.385137501286538,1298.3333333333333,3352.3333333333335,80.78255447347547,7.6374967744199065,1.4536462654889464,8.207106781186548
4519,425,4.652426491681278,1329.2941176470588,3355.705882352941,-0.5054987069133602,8.205254137734421,3.2934503056543907,15.899494936611667
4520,25,1.1283791670955126,1322.0,3353.0,45.00001609038752,0.0,0.0,0.0
4521,275,3.742410318509555,3079.909090909091,3356.181818181818,9.918698648843675,7.0882723182797225,2.4129880323757797,10.207106781186548
4522,2200,10.585134856802455,5226.272727272727,3360.6022727272725,-9.394691262371898,19.658993417578102,6.451440555847771,42.69238815542512
4523,25,1.1283791670955126,1286.0,3354.0,45.00001609038752,0.0,0.0,0.0
4524,25,1.1283791670955126,1302.0,3354.0,45.00001609038752,0.0,0.0,0.0
4525,25,1.1283791670955126,1284.0,3355.0,45.00001609038752,0.0,0.0,0.0
4526,50,1.5957691216057308,1306.5,3355.0,90.00003218077504,2.0,0.0,0.0
4527,2325,10.881694613449236,5248.612903225807,3359.47311827957,-89.59652810914945,32.849841360381596,11.274928791630378,68.90559159102153
4528,25,1.1283791670955126,1283.0,3356.0,45.00001609038752,0.0,0.0,0.0
4529,25,1.1283791670955126,1282.0,3357.0,45.00001609038752,0.0,0.0,0.0
4530,25,1.1283791670955126,1313.0,3357.0,45.00001609038752,0.0,0.0,0.0
4531,50,1.5957691216057308,5291.0,3357.5,0.0,2.0,0.0,0.0
4532,25,1.1283791670955126,1281.0,3358.0,45.00001609038752,0.0,0.0,0.0
4533,25,1.1283791670955126,5299.0,3358.0,45.00001609038752,0.0,0.0,0.0
4534,25,1.1283791670955126,1280.0,3359.0,45.00001609038752,0.0,0.0,0.0
4535,25,1.1283791670955126,1316.0,3359.0,45.00001609038752,0.0,0.0,0.0
4536,25,1.1283791670955126,5292.0,3359.0,45.00001609038752,0.0,0.0,0.0
4537,25,1.1283791670955126,5298.0,3359.0,45.00001609038752,0.0,0.0,0.0
4538,25,1.1283791670955126,1279.0,3360.0,45.00001609038752,0.0,0.0,0.0
4539,25,1.1283791670955126,5234.0,3360.0,45.00001609038752,0.0,0.0,0.0
4540,6000,17.480774889473267,8789.158333333333,3369.2625,19.087920161630016,20.16751733162391,15.869287956118413,62.04163056034261
4541,25,1.1283791670955126,1278.0,3361.0,45.00001609038752,0.0,0.0,0.0
4542,125,2.5231325220201604,1331.0,3361.6,0.0,3.1999999999999997,2.5298221281347035,4.414213562373095
4543,25,1.1283791670955126,5235.0,3361.0,45.00001609038752,0.0,0.0,0.0
4544,450,4.787307364817192,5230.444444444444,3366.9444444444443,-29.381721732835683,12.986770893704387,1.8013928839467006,17.207106781186546
4545,100,2.256758334191025,5306.75,3362.75,18.43495541459913,3.4641016151377544,1.4142135623730951,3.2071067811865475
4546,25,1.1283791670955126,1277.0,3363.0,45.00001609038752,0.0,0.0,0.0
4547,648825,181.78114837493925,4532.958193657766,3525.56690941317,19.49321042560904,292.94600480406723,149.88709531329457,979.2173875177025
4548,25,1.1283791670955126,10851.0,3364.0,45.00001609038752,0.0,0.0,0.0
4549,75,1.9544100476116797,5265.0,3365.0,90.00003218077504,3.265986323710904,0.0,1.0
4550,75,1.9544100476116797,5271.0,3366.0,90.00003218077504,3.265986323710904,0.0,1.0
4551,575,5.4115163798060095,5312.04347826087,3369.1304347826085,29.07719625130579,7.547271507674719,4.226898402508788,16.44974746830583
4552,1175,7.735777827895049,10800.255319148937,3366.5106382978724,89.84377245771867,27.14783599740758,1.998183472614322,47.207106781186546
4553,25,1.1283791670955126,1332.0,3371.0,45.00001609038752,0.0,0.0,0.0
4554,150,2.763953195770684,4590.5,3371.0,90.00003218077504,6.831300510639732,0.0,4.0
4555,75,1.9544100476116797,4597.0,3371.0,90.00003218077504,3.265986323710904,0.0,1.0
4556,300,3.9088200952233594,4603.416666666667,3372.4166666666665,-87.8496646632177,10.772337508778685,2.530057122162314,11.207106781186548
4557,200,3.1915382432114616,4582.25,3372.375,-78.47437760137892,6.366269644280173,1.4901714050124566,7.207106781186548
4558,1025,7.225151993843567,1299.878048780488,3376.8048780487807,4.294387077478914,7.819079389371659,6.732900998887738,21.31370849898476
4559,50,1.5957691216057308,4578.5,3374.0,90.00003218077504,2.0,0.0,0.0
4560,50,1.5957691216057308,5298.5,3374.0,90.00003218077504,2.0,0.0,0.0
4561,50,1.5957691216057308,4576.5,3375.0,90.00003218077504,2.0,0.0,0.0
4562,25,1.1283791670955126,5224.0,3375.0,45.00001609038752,0.0,0.0,0.0
4563,25,1.1283791670955126,5226.0,3375.0,45.00001609038752,0.0,0.0,0.0
4564,25,1.1283791670955126,5302.0,3375.0,45.00001609038752,0.0,0.0,0.0
4565,50,1.5957691216057308,4574.5,3376.0,90.00003218077504,2.0,0.0,0.0
4566,425,4.652426491681278,5225.294117647059,3379.470588235294,5.939658514442292,8.732947240478286,2.5174806095758075,15.035533905932738
4567,1000,7.136496464611085,5315.8,3382.75,31.65304304612898,18.562837157876025,3.252856690691609,27.727922061357855
4568,50,1.5957691216057308,8.5,3377.0,90.00003218077504,2.0,0.0,0.0
4569,125,2.5231325220201604,1333.2,3377.4,71.5650767661759,3.098386676965933,1.7888543819998317,5.207106781186548
4570,125,2.5231325220201604,4571.6,3377.6,-69.00641842630537,4.34169545110285,1.2765894445250698,4.207106781186548
4571,25,1.1283791670955126,4615.0,3377.0,45.00001609038752,0.0,0.0,0.0
4572,25,1.1283791670955126,5310.0,3377.0,45.00001609038752,0.0,0.0,0.0
4573,25,1.1283791670955126,4569.0,3379.0,45.00001609038752,0.0,0.0,0.0
4574,50,1.5957691216057308,4620.5,3379.0,90.00003218077504,2.0,0.0,0.0
4575,50,1.5957691216057308,5221.0,3379.5,0.0,2.0,0.0,0.0
4576,40075,45.177461086369895,9109.961946350593,3395.153462258266,-79.0573783035011,72.75029578981801,28.71574452300702,186.8528137423857
4577,25,1.1283791670955126,4564.0,3380.0,45.00001609038752,0.0,0.0,0.0
4578,75,1.9544100476116797,4567.666666666667,3380.6666666666665,45.00001609038752,2.3094010767585034,1.3333333333333333,3.414213562373095
4579,25,1.1283791670955126,4622.0,3380.0,45.00001609038752,0.0,0.0,0.0
4580,50,1.5957691216057308,4872.5,3380.0,90.00003218077504,2.0,0.0,0.0
4581,25,1.1283791670955126,1331.0,3381.0,45.00001609038752,0.0,0.0,0.0
4582,25,1.1283791670955126,4565.0,3381.0,45.00001609038752,0.0,0.0,0.0
4583,50,1.5957691216057308,5220.0,3381.5,0.0,2.0,0.0,0.0
4584,375,4.370193722368317,4561.733333333334,3386.0,-38.321886841004925,11.363155919751446,2.034922545366265,13.207106781186548
4585,25,1.1283791670955126,4625.0,3382.0,45.00001609038752,0.0,0.0,0.0
4586,50,1.5957691216057308,5219.0,3383.5,0.0,2.0,0.0,0.0
4587,25,1.1283791670955126,5319.0,3383.0,45.00001609038752,0.0,0.0,0.0
4588,25,1.1283791670955126,5320.0,3384.0,45.00001609038752,0.0,0.0,0.0
4589,25,1.1283791670955126,4629.0,3385.0,45.00001609038752,0.0,0.0,0.0
4590,50,1.5957691216057308,5218.0,3385.5,0.0,2.0,0.0,0.0
4591,25,1.1283791670955126,5321.0,3385.0,45.00001609038752,0.0,0.0,0.0
4592,239850,110.5235730158465,6532.899312070043,3448.715864081718,-57.83462318791826,171.9764538730426,81.1170781884236,584.1391770309006
4593,25,1.1283791670955126,5322.0,3386.0,45.00001609038752,0.0,0.0,0.0
4594,1700,9.304852983362556,2242.676470588235,3389.5882352941176,-82.09539085257954,30.404596742331005,7.332202191549109,49.72792206135786
4595,50,1.5957691216057308,5217.0,3387.5,0.0,2.0,0.0,0.0
4596,125,2.5231325220201604,1281.6,3389.8,18.43495541459913,3.098386676965933,1.7888543819998317,5.207106781186548
4597,25,1.1283791670955126,1319.0,3389.0,45.00001609038752,0.0,0.0,0.0
4598,1775,9.507891862878783,2217.9718309859154,3400.5352112676055,-48.19551425898783,38.65664864655035,3.9855367664071677,56.72792206135785
4599,25,1.1283791670955126,4634.0,3389.0,45.00001609038752,0.0,0.0,0.0
4600,25,1.1283791670955126,5324.0,3389.0,45.00001609038752,0.0,0.0,0.0
4601,175,2.985410660720923,6499.285714285715,3390.0,0.0,3.0237157840738176,2.799416848895061,6.82842712474619
4602,50,1.5957691216057308,6540.5,3389.0,90.00003218077504,2.0,0.0,0.0
4603,100,2.256758334191025,10782.0,3389.25,90.00003218077504,2.8284271247461903,1.7320508075688772,4.621320343559642
4604,50,1.5957691216057308,3321.5,3390.0,90.00003218077504,2.0,0.0,0.0
4605,175,2.985410660720923,5215.0,3392.0,-28.154976304217158,5.896459480240757,1.3428306554839582,7.414213562373095
4606,25,1.1283791670955126,5325.0,3390.0,45.00001609038752,0.0,0.0,0.0
4607,25,1.1283791670955126,1280.0,3391.0,45.00001609038752,0.0,0.0,0.0
4608,25,1.1283791670955126,4558.0,3391.0,45.00001609038752,0.0,0.0,0.0
4609,25,1.1283791670955126,2260.0,3392.0,45.00001609038752,0.0,0.0,0.0
4610,100,2.256758334191025,4556.5,3393.0,-31.71748575249332,3.23606797749979,1.2360679774997898,4.414213562373095
4611,25,1.1283791670955126,2264.0,3393.0,45.00001609038752,0.0,0.0,0.0
4612,25,1.1283791670955126,1298.0,3394.0,45.00001609038752,0.0,0.0,0.0
4613,25,1.1283791670955126,4638.0,3394.0,45.00001609038752,0.0,0.0,0.0
4614,425,4.652426491681278,5327.529411764706,3395.294117647059,70.01691851363222,6.435197332318749,3.327561323230812,13.65685424949238
4615,25,1.1283791670955126,1301.0,3395.0,45.00001609038752,0.0,0.0,0.0
4616,50,1.5957691216057308,5213.0,3395.5,0.0,2.0,0.0,0.0
4617,25,1.1283791670955126,1302.0,3396.0,45.00001609038752,0.0,0.0,0.0
4618,25,1.1283791670955126,1306.0,3396.0,45.00001609038752,0.0,0.0,0.0
4619,25,1.1283791670955126,2278.0,3396.0,45.00001609038752,0.0,0.0,0.0
4620,25,1.1283791670955126,4555.0,3396.0,45.00001609038752,0.0,0.0,0.0
4621,25,1.1283791670955126,2280.0,3397.0,45.00001609038752,0.0,0.0,0.0
4622,25,1.1283791670955126,3681.0,3397.0,45.00001609038752,0.0,0.0,0.0
4623,25,1.1283791670955126,4554.0,3397.0,45.00001609038752,0.0,0.0,0.0
4624,75,1.9544100476116797,5212.0,3398.0,0.0,3.265986323710904,0.0,1.0
4625,25,1.1283791670955126,2282.0,3398.0,45.00001609038752,0.0,0.0,0.0
4626,25,1.1283791670955126,3019.0,3398.0,45.00001609038752,0.0,0.0,0.0
4627,25,1.1283791670955126,2158.0,3399.0,45.00001609038752,0.0,0.0,0.0
4628,25,1.1283791670955126,2284.0,3399.0,45.00001609038752,0.0,0.0,0.0
4629,675,5.863230142835039,3010.962962962963,3400.5185185185187,-75.83640942604201,9.840579993446834,3.6345047289002568,18.242640687119284
4630,50,1.5957691216057308,4553.0,3399.5,0.0,2.0,0.0,0.0
4631,25,1.1283791670955126,4642.0,3399.0,45.00001609038752,0.0,0.0,0.0
4632,25,1.1283791670955126,6501.0,3399.0,45.00001609038752,0.0,0.0,0.0
4633,377325,138.6254105447043,9087.526999271186,3471.248658318426,31.753251652352713,156.84680409102444,129.0241145451411,534.0904037956216
4634,25,1.1283791670955126,2285.0,3400.0,45.00001609038752,0.0,0.0,0.0
4635,75,1.9544100476116797,3017.6666666666665,3400.3333333333335,-45.00001609038752,2.3094010767585034,1.3333333333333333,3.414213562373095
4636,50,1.5957691216057308,2158.0,3401.5,0.0,2.0,0.0,0.0
4637,25,1.1283791670955126,2287.0,3401.0,45.00001609038752,0.0,0.0,0.0
4638,25,1.1283791670955126,3003.0,3401.0,45.00001609038752,0.0,0.0,0.0
4639,50,1.5957691216057308,4552.0,3401.5,0.0,2.0,0.0,0.0
4640,75,1.9544100476116797,5211.0,3402.0,0.0,3.265986323710904,0.0,1.0
4641,25,1.1283791670955126,5332.0,3401.0,45.00001609038752,0.0,0.0,0.0
4642,25,1.1283791670955126,2288.0,3402.0,45.00001609038752,0.0,0.0,0.0
4643,375,4.370193722368317,2928.4666666666667,3404.133333333333,31.793474698946188,5.839939839105166,3.1821712378097198,12.242640687119284
4644,50,1.5957691216057308,2989.0,3402.5,0.0,2.0,0.0,0.0
4645,25,1.1283791670955126,3005.0,3402.0,45.00001609038752,0.0,0.0,0.0
4646,100,2.256758334191025,3015.5,3402.5,45.00001609038752,2.0,2.0,4.0
4647,25,1.1283791670955126,2159.0,3403.0,45.00001609038752,0.0,0.0,0.0
4648,25,1.1283791670955126,2289.0,3403.0,45.00001609038752,0.0,0.0,0.0
4649,75,1.9544100476116797,3018.3333333333335,3403.3333333333335,45.00001609038752,2.3094010767585034,1.3333333333333333,3.414213562373095
4650,25,1.1283791670955126,4551.0,3404.0,45.00001609038752,0.0,0.0,0.0
4651,75,1.9544100476116797,5210.0,3405.0,0.0,3.265986323710904,0.0,1.0
4652,25,1.1283791670955126,5334.0,3404.0,45.00001609038752,0.0,0.0,0.0
4653,25,1.1283791670955126,2292.0,3405.0,45.00001609038752,0.0,0.0,0.0
4654,25,1.1283791670955126,4646.0,3405.0,45.00001609038752,0.0,0.0,0.0
4655,74225,61.483723116925006,6638.299090602896,3444.873021219266,15.308788183837756,76.72193519102913,60.50784427840239,399.43354954612926
4656,25,1.1283791670955126,2293.0,3406.0,45.00001609038752,0.0,0.0,0.0
4657,25,1.1283791670955126,2294.0,3407.0,45.00001609038752,0.0,0.0,0.0
4658,25,1.1283791670955126,2295.0,3408.0,45.00001609038752,0.0,0.0,0.0
4659,225,3.385137501286538,2967.5555555555557,3409.4444444444443,66.17292590435537,6.811577531713933,2.0421343648295585,9.82842712474619
4660,275,3.742410318509555,2980.3636363636365,3409.3636363636365,77.243092405585,8.242381384723519,1.8622856350327075,9.207106781186548
4661,25,1.1283791670955126,2296.0,3409.0,45.00001609038752,0.0,0.0,0.0
4662,125,2.5231325220201604,2972.6,3409.2,84.84760710407011,4.093338188813542,1.563516060678838,4.414213562373095
4663,50,1.5957691216057308,2987.0,3409.5,0.0,2.0,0.0,0.0
4664,50,1.5957691216057308,4549.0,3409.5,0.0,2.0,0.0,0.0
4665,75,1.9544100476116797,5209.0,3410.0,0.0,3.265986323710904,0.0,1.0
4666,50,1.5957691216057308,5345.5,3409.0,90.00003218077504,2.0,0.0,0.0
4667,25,1.1283791670955126,2297.0,3410.0,45.00001609038752,0.0,0.0,0.0
4668,25,1.1283791670955126,2161.0,3411.0,45.00001609038752,0.0,0.0,0.0
4669,25,1.1283791670955126,2298.0,3411.0,45.00001609038752,0.0,0.0,0.0
4670,25,1.1283791670955126,2976.0,3411.0,45.00001609038752,0.0,0.0,0.0
4671,25,1.1283791670955126,2166.0,3412.0,45.00001609038752,0.0,0.0,0.0
4672,75,1.9544100476116797,2971.3333333333335,3412.3333333333335,45.00001609038752,2.3094010767585034,1.3333333333333333,3.414213562373095
4673,100,2.256758334191025,4548.0,3413.5,0.0,4.47213595499958,0.0,2.0
4674,75,1.9544100476116797,2164.3333333333335,3413.3333333333335,45.00001609038752,2.3094010767585034,1.3333333333333333,3.414213562373095
4675,725,6.076507779746499,2169.4137931034484,3416.206896551724,25.039397063618285,8.206987886571811,5.13072153369275,21.65685424949238
4676,25,1.1283791670955126,2299.0,3413.0,45.00001609038752,0.0,0.0,0.0
4677,750,6.180387232371033,5208.033333333334,3425.8,1.6044343397230338,31.868815525259887,1.361672711230502,28.0
4678,25,1.1283791670955126,8914.0,3413.0,45.00001609038752,0.0,0.0,0.0
4679,50,1.5957691216057308,5346.5,3414.0,90.00003218077504,2.0,0.0,0.0
4680,25,1.1283791670955126,8893.0,3415.0,45.00001609038752,0.0,0.0,0.0
4681,25,1.1283791670955126,8897.0,3415.0,45.00001609038752,0.0,0.0,0.0
4682,25,1.1283791670955126,2205.0,3416.0,45.00001609038752,0.0,0.0,0.0
4683,25,1.1283791670955126,2301.0,3416.0,45.00001609038752,0.0,0.0,0.0
4684,50,1.5957691216057308,2951.5,3416.0,90.00003218077504,2.0,0.0,0.0
4685,25,1.1283791670955126,8889.0,3416.0,45.00001609038752,0.0,0.0,0.0
4686,25,1.1283791670955126,8901.0,3416.0,45.00001609038752,0.0,0.0,0.0
4687,600,5.527906391541368,2200.5833333333335,3422.875,-25.87214920755833,17.380670720765732,2.4935598753333403,21.207106781186546
4688,25,1.1283791670955126,2302.0,3417.0,45.00001609038752,0.0,0.0,0.0
4689,25,1.1283791670955126,4653.0,3417.0,45.00001609038752,0.0,0.0,0.0
4690,75,1.9544100476116797,5347.0,3418.0,0.0,3.265986323710904,0.0,1.0
4691,25,1.1283791670955126,8887.0,3417.0,45.00001609038752,0.0,0.0,0.0
4692,25,1.1283791670955126,2303.0,3418.0,45.00001609038752,0.0,0.0,0.0
4693,25,1.1283791670955126,8886.0,3418.0,45.00001609038752,0.0,0.0,0.0
4694,25,1.1283791670955126,4547.0,3419.0,45.00001609038752,0.0,0.0,0.0
4695,25,1.1283791670955126,4654.0,3419.0,45.00001609038752,0.0,0.0,0.0
4696,50,1.5957691216057308,8919.5,3419.0,90.00003218077504,2.0,0.0,0.0
4697,960550,221.17958718610183,11112.826453594294,3510.1382020717297,-79.18644731411997,425.19814641083747,154.57752973507237,1085.3595231414333
4698,25,1.1283791670955126,2305.0,3421.0,45.00001609038752,0.0,0.0,0.0
4699,75,1.9544100476116797,4546.0,3422.0,0.0,3.265986323710904,0.0,1.0
4700,25,1.1283791670955126,4655.0,3421.0,45.00001609038752,0.0,0.0,0.0
4701,25,1.1283791670955126,8884.0,3421.0,45.00001609038752,0.0,0.0,0.0
4702,25,1.1283791670955126,2306.0,3423.0,45.00001609038752,0.0,0.0,0.0
4703,25,1.1283791670955126,8883.0,3423.0,45.00001609038752,0.0,0.0,0.0
4704,25,1.1283791670955126,2307.0,3424.0,45.00001609038752,0.0,0.0,0.0
4705,25,1.1283791670955126,4657.0,3425.0,45.00001609038752,0.0,0.0,0.0
4706,25,1.1283791670955126,2308.0,3426.0,45.00001609038752,0.0,0.0,0.0
4707,25,1.1283791670955126,4658.0,3427.0,45.00001609038752,0.0,0.0,0.0
4708,25,1.1283791670955126,5348.0,3427.0,45.00001609038752,0.0,0.0,0.0
4709,25,1.1283791670955126,2309.0,3428.0,45.00001609038752,0.0,0.0,0.0
4710,25,1.1283791670955126,5874.0,3428.0,45.00001609038752,0.0,0.0,0.0
4711,25,1.1283791670955126,4659.0,3429.0,45.00001609038752,0.0,0.0,0.0
4712,75,1.9544100476116797,4869.333333333333,3429.3333333333335,45.00001609038752,2.3094010767585034,1.3333333333333333,3.414213562373095
4713,525,5.170882945826411,4883.714285714285,3431.3809523809523,-13.378663869667376,7.214349026610167,5.718916207584189,16.82842712474619
4714,375,4.370193722368317,5869.733333333334,3430.4,-82.78964303884368,8.763320356987352,2.199948153108756,15.414213562373096
4715,25,1.1283791670955126,2310.0,3430.0,45.00001609038752,0.0,0.0,0.0
4716,225,3.385137501286538,4545.0,3434.0,0.0,10.327955589886445,0.0,7.0
4717,75,1.9544100476116797,4862.333333333333,3430.3333333333335,45.00001609038752,2.3094010767585034,1.3333333333333333,3.414213562373095
4718,100,2.256758334191025,2196.75,3432.0,0.0,2.8284271247461903,1.7320508075688772,4.621320343559642
4719,25,1.1283791670955126,2211.0,3431.0,45.00001609038752,0.0,0.0,0.0
4720,25,1.1283791670955126,4660.0,3431.0,45.00001609038752,0.0,0.0,0.0
4721,50,1.5957691216057308,4867.5,3431.0,90.00003218077504,2.0,0.0,0.0
4722,25,1.1283791670955126,2311.0,3432.0,45.00001609038752,0.0,0.0,0.0
4723,75,1.9544100476116797,4870.333333333333,3432.3333333333335,45.00001609038752,2.3094010767585034,1.3333333333333333,3.414213562373095
4724,25,1.1283791670955126,4887.0,3432.0,45.00001609038752,0.0,0.0,0.0
4725,25,1.1283791670955126,5865.0,3432.0,45.00001609038752,0.0,0.0,0.0
4726,25,1.1283791670955126,10962.0,3432.0,45.00001609038752,0.0,0.0,0.0
4727,450,4.787307364817192,4838.166666666667,3436.0555555555557,-66.37743079416833,12.145038704761918,2.58280358641686,17.414213562373096
4728,25,1.1283791670955126,4844.0,3433.0,45.00001609038752,0.0,0.0,0.0
4729,50,1.5957691216057308,4872.5,3433.0,90.00003218077504,2.0,0.0,0.0
4730,25,1.1283791670955126,4878.0,3433.0,45.00001609038752,0.0,0.0,0.0
4731,25,1.1283791670955126,4888.0,3433.0,45.00001609038752,0.0,0.0,0.0
4732,25,1.1283791670955126,5864.0,3433.0,45.00001609038752,0.0,0.0,0.0
4733,25,1.1283791670955126,5880.0,3433.0,45.00001609038752,0.0,0.0,0.0
4734,75,1.9544100476116797,10963.666666666666,3433.3333333333335,-45.00001609038752,2.3094010767585034,1.3333333333333333,3.414213562373095
4735,50,1.5957691216057308,2198.0,3434.5,0.0,2.0,0.0,0.0
4736,750,6.180387232371033,4849.266666666666,3436.4666666666667,72.43744978924042,11.839821226453356,4.162900964079696,25.692388155425117
4737,25,1.1283791670955126,5863.0,3434.0,45.00001609038752,0.0,0.0,0.0
4738,25,1.1283791670955126,4880.0,3435.0,45.00001609038752,0.0,0.0,0.0
4739,25,1.1283791670955126,2197.0,3436.0,45.00001609038752,0.0,0.0,0.0
4740,100,2.256758334191025,4884.25,3436.75,-71.5650767661759,3.4641016151377544,1.4142135623730951,3.2071067811865475
4741,25,1.1283791670955126,7702.0,3436.0,45.00001609038752,0.0,0.0,0.0
4742,125,2.5231325220201604,8924.8,3437.0,-55.900724731264845,3.335641688875783,2.0575457524521585,5.621320343559642
4743,350,4.222008245644752,2194.6428571428573,3441.0714285714284,-11.593913448373131,10.847435241770716,1.9076873760053659,13.414213562373096
4744,25,1.1283791670955126,2313.0,3437.0,45.00001609038752,0.0,0.0,0.0
4745,75,1.9544100476116797,7703.333333333333,3437.3333333333335,45.00001609038752,2.3094010767585034,1.3333333333333333,3.414213562373095
4746,25,1.1283791670955126,4882.0,3438.0,45.00001609038752,0.0,0.0,0.0
4747,25,1.1283791670955126,2314.0,3439.0,45.00001609038752,0.0,0.0,0.0
4748,625,5.641895835477563,4827.56,3443.76,-40.299455472887104,16.970120325590155,2.0774542437781647,25.48528137423857
4749,200,3.1915382432114616,4893.875,3440.75,35.3549895320785,4.507893913753563,2.104493398028036,8.242640687119284
4750,50,1.5957691216057308,4856.5,3440.0,90.00003218077504,2.0,0.0,0.0
4751,25,1.1283791670955126,4896.0,3440.0,45.00001609038752,0.0,0.0,0.0
4752,25,1.1283791670955126,5351.0,3440.0,45.00001609038752,0.0,0.0,0.0
4753,100,2.256758334191025,5897.75,3440.75,18.43495541459913,3.4641016151377544,1.4142135623730951,3.2071067811865475
4754,100,2.256758334191025,7684.75,3441.0,0.0,2.8284271247461903,1.7320508075688772,4.621320343559642
4755,525,5.170882945826411,7702.333333333333,3445.5238095238096,-3.283407795769202,11.100760809477434,2.783552790969178,18.035533905932738
4756,75,1.9544100476116797,8900.0,3441.0,0.0,3.265986323710904,0.0,1.0
4757,225,3.385137501286538,8925.111111111111,3441.1111111111113,45.00001609038752,4.618802153517007,3.2049344670791013,8.621320343559642
4758,50,1.5957691216057308,4859.5,3441.0,90.00003218077504,2.0,0.0,0.0
4759,50,1.5957691216057308,4886.0,3441.5,0.0,2.0,0.0,0.0
4760,75,1.9544100476116797,4890.333333333333,3441.6666666666665,-45.00001609038752,2.3094010767585034,1.3333333333333333,3.414213562373095
4761,125,2.5231325220201604,4898.4,3441.8,-18.43495541459913,3.098386676965933,1.7888543819998317,5.207106781186548
4762,25,1.1283791670955126,4545.0,3442.0,45.00001609038752,0.0,0.0,0.0
4763,50,1.5957691216057308,4863.5,3442.0,90.00003218077504,2.0,0.0,0.0
4764,25,1.1283791670955126,5859.0,3442.0,45.00001609038752,0.0,0.0,0.0
4765,25,1.1283791670955126,5890.0,3442.0,45.00001609038752,0.0,0.0,0.0
4766,150,2.763953195770684,5893.833333333333,3442.8333333333335,-45.00001609038752,3.126943839882286,2.309401076758503,6.242640687119286
4767,25,1.1283791670955126,4869.0,3443.0,45.00001609038752,0.0,0.0,0.0
4768,50,1.5957691216057308,5210.0,3443.5,0.0,2.0,0.0,0.0
4769,175,2.985410660720923,4545.0,3447.0,0.0,8.0,0.0,5.0
4770,25,1.1283791670955126,4665.0,3444.0,45.00001609038752,0.0,0.0,0.0
4771,25,1.1283791670955126,4872.0,3444.0,45.00001609038752,0.0,0.0,0.0
4772,50,1.5957691216057308,4897.0,3444.5,0.0,2.0,0.0,0.0
4773,475,4.918490759365935,5898.578947368421,3447.315789473684,37.80321703282572,9.952701754841735,2.4464829910930574,13.449747468305834
4774,75,1.9544100476116797,7684.0,3445.0,0.0,3.265986323710904,0.0,1.0
4775,25,1.1283791670955126,4874.0,3445.0,45.00001609038752,0.0,0.0,0.0
4776,350,4.222008245644752,4900.214285714285,3447.214285714286,6.04738070083192,5.9143273407509565,3.043949747553235,12.242640687119284
4777,25,1.1283791670955126,5349.0,3445.0,45.00001609038752,0.0,0.0,0.0
4778,25,1.1283791670955126,5902.0,3445.0,45.00001609038752,0.0,0.0,0.0
4779,25,1.1283791670955126,560.0,3446.0,45.00001609038752,0.0,0.0,0.0
4780,25,1.1283791670955126,2317.0,3446.0,45.00001609038752,0.0,0.0,0.0
4781,75,1.9544100476116797,5211.0,3447.0,0.0,3.265986323710904,0.0,1.0
4782,25,1.1283791670955126,5893.0,3446.0,45.00001609038752,0.0,0.0,0.0
4783,225,3.385137501286538,556.7777777777778,3448.1111111111113,-82.4768335746505,6.52140421961107,2.1174590157666033,8.207106781186548
4784,725,6.076507779746499,2194.4827586206898,3454.551724137931,18.3882711920718,12.617337974429532,7.196506289301458,26.692388155425117
4785,25,1.1283791670955126,4666.0,3447.0,45.00001609038752,0.0,0.0,0.0
4786,25,1.1283791670955126,5894.0,3447.0,45.00001609038752,0.0,0.0,0.0
4787,25,1.1283791670955126,4879.0,3448.0,45.00001609038752,0.0,0.0,0.0
4788,400,4.51351666838205,4906.25,3450.9375,13.066595482680633,7.98627795201995,2.856022491697157,13.449747468305834
4789,25,1.1283791670955126,5349.0,3448.0,45.00001609038752,0.0,0.0,0.0
4790,400,4.51351666838205,10184.25,3449.1875,-85.85106361330222,9.974449599476955,2.438822500202507,15.65685424949238
4791,25,1.1283791670955126,10189.0,3448.0,45.00001609038752,0.0,0.0,0.0
4792,225,3.385137501286538,549.3333333333334,3449.3333333333335,-80.78255447347547,8.957771907609729,1.2393951060964068,7.0
4793,25,1.1283791670955126,4880.0,3449.0,45.00001609038752,0.0,0.0,0.0
4794,75,1.9544100476116797,4895.666666666667,3449.3333333333335,-45.00001609038752,2.3094010767585034,1.3333333333333333,3.414213562373095
4795,75,1.9544100476116797,5212.0,3450.0,0.0,3.265986323710904,0.0,1.0
4796,25,1.1283791670955126,5345.0,3449.0,45.00001609038752,0.0,0.0,0.0
4797,25,1.1283791670955126,6666.0,3449.0,45.00001609038752,0.0,0.0,0.0
4798,25,1.1283791670955126,7700.0,3449.0,45.00001609038752,0.0,0.0,0.0
4799,25,1.1283791670955126,8887.0,3450.0,45.00001609038752,0.0,0.0,0.0
4800,25,1.1283791670955126,544.0,3451.0,45.00001609038752,0.0,0.0,0.0
4801,25,1.1283791670955126,2319.0,3451.0,45.00001609038752,0.0,0.0,0.0
4802,25,1.1283791670955126,4686.0,3451.0,45.00001609038752,0.0,0.0,0.0
4803,25,1.1283791670955126,4822.0,3451.0,45.00001609038752,0.0,0.0,0.0
4804,25,1.1283791670955126,4883.0,3451.0,45.00001609038752,0.0,0.0,0.0
4805,100,2.256758334191025,542.0,3452.5,-58.28254642828171,3.23606797749979,1.2360679774997898,4.414213562373095
4806,25,1.1283791670955126,4683.0,3452.0,45.00001609038752,0.0,0.0,0.0
4807,25,1.1283791670955126,4884.0,3452.0,45.00001609038752,0.0,0.0,0.0
4808,25,1.1283791670955126,5899.0,3452.0,45.00001609038752,0.0,0.0,0.0
4809,25,1.1283791670955126,4668.0,3453.0,45.00001609038752,0.0,0.0,0.0
4810,25,1.1283791670955126,4682.0,3453.0,45.00001609038752,0.0,0.0,0.0
4811,50,1.5957691216057308,4821.0,3453.5,0.0,2.0,0.0,0.0
4812,25,1.1283791670955126,4885.0,3453.0,45.00001609038752,0.0,0.0,0.0
4813,25,1.1283791670955126,5213.0,3453.0,45.00001609038752,0.0,0.0,0.0
4814,175,2.985410660720923,538.2857142857143,3455.285714285714,45.00001609038752,5.656854249492381,1.3997084244475309,7.414213562373095
4815,25,1.1283791670955126,4886.0,3454.0,45.00001609038752,0.0,0.0,0.0
4816,250,3.5682482323055424,4908.5,3455.7,-37.53430483184887,6.218285588473019,1.9730495027213006,10.242640687119284
4817,125,2.5231325220201604,7695.2,3454.8,79.09932353989771,4.743365517193277,1.3492529674978502,4.207106781186548
4818,25,1.1283791670955126,575.0,3455.0,45.00001609038752,0.0,0.0,0.0
4819,75,1.9544100476116797,4820.0,3456.0,0.0,3.265986323710904,0.0,1.0
4820,25,1.1283791670955126,4887.0,3455.0,45.00001609038752,0.0,0.0,0.0
4821,50,1.5957691216057308,4905.0,3455.5,0.0,2.0,0.0,0.0
4822,50,1.5957691216057308,5214.0,3455.5,0.0,2.0,0.0,0.0
4823,25,1.1283791670955126,2321.0,3456.0,45.00001609038752,0.0,0.0,0.0
4824,25,1.1283791670955126,4669.0,3456.0,45.00001609038752,0.0,0.0,0.0
4825,150,2.763953195770684,4902.166666666667,3457.1666666666665,45.000016090387525,3.1269438398822857,2.309401076758503,6.242640687119286
4826,4175,14.581872443920643,3289.9760479041915,3462.22754491018,-84.88320187435842,23.40941976577943,11.841256361570242,84.39087296526012
4827,250,3.5682482323055424,3303.9,3458.2,-83.81878376272573,4.558358104108395,2.9700793583184466,8.621320343559642
4828,75,1.9544100476116797,3308.0,3457.0,90.00003218077504,3.265986323710904,0.0,1.0
4829,8150,20.37341629633241,3310.4509202453987,3467.303680981595,-66.32993780318095,28.543870205586312,19.925096033193054,168.84671708797583
4830,50,1.5957691216057308,5215.0,3457.5,0.0,2.0,0.0,0.0
4831,25,1.1283791670955126,536.0,3458.0,45.00001609038752,0.0,0.0,0.0
4832,25,1.1283791670955126,579.0,3458.0,45.00001609038752,0.0,0.0,0.0
4833,25,1.1283791670955126,4684.0,3458.0,45.00001609038752,0.0,0.0,0.0
4834,25,1.1283791670955126,4889.0,3458.0,45.00001609038752,0.0,0.0,0.0
4835,50,1.5957691216057308,4910.5,3458.0,90.00003218077504,2.0,0.0,0.0
4836,6225,17.805522925178455,6556.301204819277,3476.0722891566265,-54.4916233090398,117.22424815565701,26.258689162804885,176.91168824543144
4837,75,1.9544100476116797,7685.0,3458.0,90.00003218077504,3.265986323710904,0.0,1.0
4838,50,1.5957691216057308,535.0,3459.5,0.0,2.0,0.0,0.0
4839,50,1.5957691216057308,2322.0,3459.5,0.0,2.0,0.0,0.0
4840,75,1.9544100476116797,4546.0,3460.0,0.0,3.265986323710904,0.0,1.0
4841,25,1.1283791670955126,4685.0,3459.0,45.00001609038752,0.0,0.0,0.0
4842,75,1.9544100476116797,4819.0,3460.0,0.0,3.265986323710904,0.0,1.0
4843,25,1.1283791670955126,4890.0,3459.0,45.00001609038752,0.0,0.0,0.0
4844,500,5.046265044040321,4909.05,3462.5,23.289264673955973,8.430291030939387,3.238856763375457,16.899494936611664
4845,50,1.5957691216057308,5216.0,3459.5,0.0,2.0,0.0,0.0
4846,25,1.1283791670955126,5346.0,3459.0,45.00001609038752,0.0,0.0,0.0
4847,75,1.9544100476116797,4911.666666666667,3460.6666666666665,45.00001609038752,2.3094010767585034,1.3333333333333333,3.414213562373095
4848,25,1.1283791670955126,534.0,3461.0,45.00001609038752,0.0,0.0,0.0
4849,25,1.1283791670955126,4670.0,3461.0,45.00001609038752,0.0,0.0,0.0
4850,25,1.1283791670955126,4891.0,3461.0,45.00001609038752,0.0,0.0,0.0
4851,25,1.1283791670955126,7708.0,3461.0,45.00001609038752,0.0,0.0,0.0
4852,50,1.5957691216057308,533.0,3462.5,0.0,2.0,0.0,0.0
4853,75,1.9544100476116797,4913.0,3463.0,0.0,3.265986323710904,0.0,1.0
4854,25,1.1283791670955126,5217.0,3462.0,45.00001609038752,0.0,0.0,0.0
4855,175,2.985410660720923,7704.857142857143,3463.285714285714,59.527323334368745,3.582070095417669,2.4713456540351713,6.207106781186548
4856,25,1.1283791670955126,7707.0,3462.0,45.00001609038752,0.0,0.0,0.0
4857,25,1.1283791670955126,2193.0,3463.0,45.00001609038752,0.0,0.0,0.0
4858,50,1.5957691216057308,2323.0,3463.5,0.0,2.0,0.0,0.0
4859,100,2.256758334191025,4547.0,3464.5,0.0,4.47213595499958,0.0,2.0
4860,25,1.1283791670955126,4892.0,3463.0,45.00001609038752,0.0,0.0,0.0
4861,100,2.256758334191025,6601.75,3463.75,71.5650767661759,3.4641016151377544,1.4142135623730951,3.2071067811865475
4862,50,1.5957691216057308,4818.0,3464.5,0.0,2.0,0.0,0.0
4863,25,1.1283791670955126,4893.0,3464.0,45.00001609038752,0.0,0.0,0.0
4864,275,3.742410318509555,6622.636363636364,3465.909090909091,44.31805208074026,5.442699939502255,2.7206269051400453,9.863961030678928
4865,50,1.5957691216057308,4686.5,3465.0,90.00003218077504,2.0,0.0,0.0
4866,175,2.985410660720923,4914.142857142857,3467.5714285714284,1.455419433489528,6.365114666577763,1.3907892986190968,5.207106781186548
4867,25,1.1283791670955126,5219.0,3465.0,45.00001609038752,0.0,0.0,0.0
4868,75,1.9544100476116797,6606.0,3465.0,90.00003218077504,3.265986323710904,0.0,1.0
4869,25,1.1283791670955126,2324.0,3466.0,45.00001609038752,0.0,0.0,0.0
4870,100,2.256758334191025,6610.5,3466.0,90.00003218077504,4.47213595499958,0.0,2.0
4871,75,1.9544100476116797,3334.3333333333335,3467.3333333333335,45.00001609038752,2.3094010767585034,1.3333333333333333,3.414213562373095
4872,75,1.9544100476116797,4548.0,3468.0,0.0,3.265986323710904,0.0,1.0
4873,350,4.222008245644752,4686.214285714285,3468.714285714286,57.57533456970712,5.4592243947881816,3.874686508346432,12.449747468305834
4874,50,1.5957691216057308,4692.5,3467.0,90.00003218077504,2.0,0.0,0.0
4875,25,1.1283791670955126,5220.0,3467.0,45.00001609038752,0.0,0.0,0.0
4876,25,1.1283791670955126,5333.0,3467.0,45.00001609038752,0.0,0.0,0.0
4877,100,2.256758334191025,6616.5,3467.0,90.00003218077504,4.47213595499958,0.0,2.0
4878,75,1.9544100476116797,4910.666666666667,3468.3333333333335,-45.00001609038752,2.3094010767585034,1.3333333333333333,3.414213562373095
4879,25,1.1283791670955126,530.0,3469.0,45.00001609038752,0.0,0.0,0.0
4880,250,3.5682482323055424,2192.6,3472.9,9.085053843085877,9.99480680484413,1.1763659863501088,8.0
4881,25,1.1283791670955126,2325.0,3469.0,45.00001609038752,0.0,0.0,0.0
4882,150,2.763953195770684,3287.0,3469.5,90.00003218077504,3.265986323710904,2.0,6.0
4883,25,1.1283791670955126,5221.0,3469.0,45.00001609038752,0.0,0.0,0.0
4884,325,4.068428945128219,6625.923076923077,3471.4615384615386,23.19859880863288,5.656854249492381,3.1678861972267702,12.071067811865476
4885,25,1.1283791670955126,4909.0,3470.0,45.00001609038752,0.0,0.0,0.0
4886,25,1.1283791670955126,4916.0,3470.0,45.00001609038752,0.0,0.0,0.0
4887,25,1.1283791670955126,5222.0,3470.0,45.00001609038752,0.0,0.0,0.0
4888,25,1.1283791670955126,6623.0,3470.0,45.00001609038752,0.0,0.0,0.0
4889,75,1.9544100476116797,3294.3333333333335,3471.3333333333335,45.00001609038752,2.3094010767585034,1.3333333333333333,3.414213562373095
4890,25,1.1283791670955126,4911.0,3471.0,45.00001609038752,0.0,0.0,0.0
4891,50,1.5957691216057308,5223.0,3471.5,0.0,2.0,0.0,0.0
4892,50,1.5957691216057308,529.0,3472.5,0.0,2.0,0.0,0.0
4893,25,1.1283791670955126,3292.0,3472.0,45.00001609038752,0.0,0.0,0.0
4894,50,1.5957691216057308,4549.0,3472.5,0.0,2.0,0.0,0.0
4895,75,1.9544100476116797,4909.666666666667,3472.6666666666665,45.00001609038752,2.3094010767585034,1.3333333333333333,3.414213562373095
4896,75,1.9544100476116797,3292.6666666666665,3473.6666666666665,45.00001609038752,2.3094010767585034,1.3333333333333333,3.414213562373095
4897,75,1.9544100476116797,4683.333333333333,3473.6666666666665,-45.00001609038752,2.3094010767585034,1.3333333333333333,3.414213562373095
4898,200,3.1915382432114616,4912.75,3474.25,-45.00001609038752,4.898979485566356,2.449489742783178,8.414213562373096
4899,25,1.1283791670955126,5224.0,3473.0,45.00001609038752,0.0,0.0,0.0
4900,75,1.9544100476116797,6631.0,3473.0,90.00003218077504,3.265986323710904,0.0,1.0
4901,25,1.1283791670955126,5225.0,3474.0,45.00001609038752,0.0,0.0,0.0
4902,50,1.5957691216057308,6633.5,3474.0,90.00003218077504,2.0,0.0,0.0
4903,50,1.5957691216057308,5226.0,3475.5,0.0,2.0,0.0,0.0
4904,50,1.5957691216057308,6635.5,3475.0,90.00003218077504,2.0,0.0,0.0
4905,100,2.256758334191025,528.0,3477.5,0.0,4.47213595499958,0.0,2.0
4906,75,1.9544100476116797,4550.0,3477.0,0.0,3.265986323710904,0.0,1.0
4907,2200,10.585134856802455,4624.602272727273,3481.7045454545455,0.6427666445866022,12.507237552066496,8.99522374032418,34.384776310850235
4908,25,1.1283791670955126,4911.0,3476.0,45.00001609038752,0.0,0.0,0.0
4909,25,1.1283791670955126,6638.0,3476.0,45.00001609038752,0.0,0.0,0.0
4910,25,1.1283791670955126,564.0,3477.0,45.00001609038752,0.0,0.0,0.0
4911,25,1.1283791670955126,566.0,3477.0,45.00001609038752,0.0,0.0,0.0
4912,75,1.9544100476116797,4911.666666666667,3477.6666666666665,45.00001609038752,2.3094010767585034,1.3333333333333333,3.414213562373095
4913,25,1.1283791670955126,5227.0,3477.0,45.00001609038752,0.0,0.0,0.0
4914,25,1.1283791670955126,6639.0,3477.0,45.00001609038752,0.0,0.0,0.0
4915,25,1.1283791670955126,567.0,3478.0,45.00001609038752,0.0,0.0,0.0
4916,25,1.1283791670955126,4860.0,3478.0,45.00001609038752,0.0,0.0,0.0
4917,25,1.1283791670955126,5228.0,3478.0,45.00001609038752,0.0,0.0,0.0
4918,50,1.5957691216057308,5338.0,3478.5,0.0,2.0,0.0,0.0
4919,50,1.5957691216057308,6640.5,3478.0,90.00003218077504,2.0,0.0,0.0
4920,175,2.985410660720923,565.1428571428571,3480.5714285714284,-10.900708640877319,3.648665604076859,2.5058084612197167,7.242640687119286
4921,50,1.5957691216057308,4913.0,3479.5,0.0,2.0,0.0,0.0
4922,25,1.1283791670955126,5229.0,3479.0,45.00001609038752,0.0,0.0,0.0
4923,150,2.763953195770684,6643.5,3480.0,50.30984562706919,4.8496611975202075,1.3468925727763872,6.414213562373095
4924,50,1.5957691216057308,4551.0,3480.5,0.0,2.0,0.0,0.0
4925,1650,9.166995688475081,4867.151515151515,3489.560606060606,34.146163291742546,24.18688768487145,3.864197395516503,44.4558441227157
4926,25,1.1283791670955126,5230.0,3480.0,45.00001609038752,0.0,0.0,0.0
4927,50,1.5957691216057308,2194.0,3481.5,0.0,2.0,0.0,0.0
4928,150,2.763953195770684,4689.166666666667,3481.6666666666665,77.06684915928662,4.363338213437162,1.65500979239906,5.0
4929,25,1.1283791670955126,4818.0,3481.0,45.00001609038752,0.0,0.0,0.0
4930,25,1.1283791670955126,4912.0,3481.0,45.00001609038752,0.0,0.0,0.0
4931,225,3.385137501286538,4915.777777777777,3481.5555555555557,85.26886938506854,5.274258481434536,1.946056459258261,9.207106781186548
4932,25,1.1283791670955126,5231.0,3481.0,45.00001609038752,0.0,0.0,0.0
4933,25,1.1283791670955126,5232.0,3482.0,45.00001609038752,0.0,0.0,0.0
4934,25,1.1283791670955126,6646.0,3482.0,45.00001609038752,0.0,0.0,0.0
4935,25,1.1283791670955126,5233.0,3483.0,45.00001609038752,0.0,0.0,0.0
4936,25,1.1283791670955126,6647.0,3483.0,45.00001609038752,0.0,0.0,0.0
4937,25,1.1283791670955126,564.0,3484.0,45.00001609038752,0.0,0.0,0.0
4938,25,1.1283791670955126,566.0,3484.0,45.00001609038752,0.0,0.0,0.0
4939,25,1.1283791670955126,4552.0,3484.0,45.00001609038752,0.0,0.0,0.0
4940,50,1.5957691216057308,4819.0,3484.5,0.0,2.0,0.0,0.0
4941,225,3.385137501286538,4870.777777777777,3486.1111111111113,27.463132573154464,5.266773858476819,2.247491174722455,8.414213562373096
4942,25,1.1283791670955126,4908.0,3484.0,45.00001609038752,0.0,0.0,0.0
4943,25,1.1283791670955126,4913.0,3484.0,45.00001609038752,0.0,0.0,0.0
4944,25,1.1283791670955126,5234.0,3484.0,45.00001609038752,0.0,0.0,0.0
4945,25,1.1283791670955126,6648.0,3484.0,45.00001609038752,0.0,0.0,0.0
4946,25,1.1283791670955126,565.0,3485.0,45.00001609038752,0.0,0.0,0.0
4947,50,1.5957691216057308,2195.0,3485.5,0.0,2.0,0.0,0.0
4948,25,1.1283791670955126,4912.0,3485.0,45.00001609038752,0.0,0.0,0.0
4949,25,1.1283791670955126,4916.0,3485.0,45.00001609038752,0.0,0.0,0.0
4950,25,1.1283791670955126,5235.0,3485.0,45.00001609038752,0.0,0.0,0.0
4951,25,1.1283791670955126,6649.0,3485.0,45.00001609038752,0.0,0.0,0.0
4952,50,1.5957691216057308,4553.0,3486.5,0.0,2.0,0.0,0.0
4953,150,2.763953195770684,4913.666666666667,3487.1666666666665,12.93318302148842,4.363338213437162,1.65500979239906,5.0
4954,275,3.742410318509555,4918.181818181818,3488.2727272727275,18.43495541459913,6.714976477316141,2.024641586483645,11.207106781186548
4955,25,1.1283791670955126,5236.0,3486.0,45.00001609038752,0.0,0.0,0.0
4956,25,1.1283791670955126,6650.0,3486.0,45.00001609038752,0.0,0.0,0.0
4957,75,1.9544100476116797,4690.333333333333,3487.6666666666665,-45.00001609038752,2.3094010767585034,1.3333333333333333,3.414213562373095
4958,100,2.256758334191025,4693.75,3488.0,0.0,2.8284271247461903,1.7320508075688772,4.621320343559642
4959,25,1.1283791670955126,4908.0,3487.0,45.00001609038752,0.0,0.0,0.0
4960,25,1.1283791670955126,5237.0,3487.0,45.00001609038752,0.0,0.0,0.0
4961,25,1.1283791670955126,6651.0,3487.0,45.00001609038752,0.0,0.0,0.0
4962,75,1.9544100476116797,2196.0,3489.0,0.0,3.265986323710904,0.0,1.0
4963,150,2.763953195770684,4820.5,3490.0,17.608802780371004,5.404236119112784,1.208676398190789,4.0
4964,25,1.1283791670955126,5239.0,3488.0,45.00001609038752,0.0,0.0,0.0
4965,25,1.1283791670955126,5323.0,3488.0,45.00001609038752,0.0,0.0,0.0
4966,25,1.1283791670955126,6652.0,3488.0,45.00001609038752,0.0,0.0,0.0
4967,25,1.1283791670955126,4554.0,3489.0,45.00001609038752,0.0,0.0,0.0
4968,25,1.1283791670955126,4916.0,3489.0,45.00001609038752,0.0,0.0,0.0
4969,50,1.5957691216057308,5056.0,3489.5,0.0,2.0,0.0,0.0
4970,25,1.1283791670955126,5240.0,3489.0,45.00001609038752,0.0,0.0,0.0
4971,25,1.1283791670955126,5322.0,3489.0,45.00001609038752,0.0,0.0,0.0
4972,50,1.5957691216057308,6653.0,3489.5,0.0,2.0,0.0,0.0
4973,25,1.1283791670955126,5241.0,3490.0,45.00001609038752,0.0,0.0,0.0
4974,175,2.985410660720923,4555.714285714285,3493.285714285714,10.822221439994207,6.78001993402216,1.3056795479815277,6.207106781186548
4975,25,1.1283791670955126,4690.0,3491.0,45.00001609038752,0.0,0.0,0.0
4976,50,1.5957691216057308,4694.0,3491.5,0.0,2.0,0.0,0.0
4977,25,1.1283791670955126,5055.0,3491.0,45.00001609038752,0.0,0.0,0.0
4978,25,1.1283791670955126,5242.0,3491.0,45.00001609038752,0.0,0.0,0.0
4979,25,1.1283791670955126,5320.0,3491.0,45.00001609038752,0.0,0.0,0.0
4980,25,1.1283791670955126,6654.0,3491.0,45.00001609038752,0.0,0.0,0.0
4981,25,1.1283791670955126,2197.0,3492.0,45.00001609038752,0.0,0.0,0.0
4982,25,1.1283791670955126,4691.0,3492.0,45.00001609038752,0.0,0.0,0.0
4983,50,1.5957691216057308,4917.0,3492.5,0.0,2.0,0.0,0.0
4984,50,1.5957691216057308,5244.5,3492.0,90.00003218077504,2.0,0.0,0.0
4985,25,1.1283791670955126,6655.0,3492.0,45.00001609038752,0.0,0.0,0.0
4986,325,4.068428945128219,4691.307692307692,3494.230769230769,76.26579841221125,8.428589586158806,2.5674917103605033,12.242640687119284
4987,75,1.9544100476116797,4913.0,3494.0,0.0,3.265986323710904,0.0,1.0
4988,325,4.068428945128219,4920.0,3495.0,-14.872445966322967,5.327693424801688,2.9221156196156555,10.82842712474619
4989,25,1.1283791670955126,5247.0,3493.0,45.00001609038752,0.0,0.0,0.0
4990,50,1.5957691216057308,2198.0,3494.5,0.0,2.0,0.0,0.0
4991,25,1.1283791670955126,5248.0,3494.0,45.00001609038752,0.0,0.0,0.0
4992,25,1.1283791670955126,6656.0,3494.0,45.00001609038752,0.0,0.0,0.0
4993,25,1.1283791670955126,4822.0,3495.0,45.00001609038752,0.0,0.0,0.0
4994,25,1.1283791670955126,5250.0,3495.0,45.00001609038752,0.0,0.0,0.0
4995,225,3.385137501286538,5257.555555555556,3497.0,0.0,4.618802153517006,2.7397395568751004,9.65685424949238
4996,25,1.1283791670955126,5316.0,3495.0,45.00001609038752,0.0,0.0,0.0
4997,25,1.1283791670955126,6657.0,3495.0,45.00001609038752,0.0,0.0,0.0
4998,25,1.1283791670955126,6662.0,3495.0,45.00001609038752,0.0,0.0,0.0
4999,50,1.5957691216057308,2199.0,3496.5,0.0,2.0,0.0,0.0
5000,75,1.9544100476116797,4914.333333333333,3496.3333333333335,45.00001609038752,2.3094010767585034,1.3333333333333333,3.414213562373095
5001,25,1.1283791670955126,5315.0,3496.0,45.00001609038752,0.0,0.0,0.0
5002,25,1.1283791670955126,6658.0,3496.0,45.00001609038752,0.0,0.0,0.0
5003,25,1.1283791670955126,6661.0,3496.0,45.00001609038752,0.0,0.0,0.0
5004,25,1.1283791670955126,4557.0,3497.0,45.00001609038752,0.0,0.0,0.0
5005,25,1.1283791670955126,4690.0,3497.0,45.00001609038752,0.0,0.0,0.0
5006,225,3.385137501286538,4823.777777777777,3499.6666666666665,24.542817165616277,6.505415274417263,1.7639928777664213,8.207106781186548
5007,25,1.1283791670955126,5253.0,3497.0,45.00001609038752,0.0,0.0,0.0
5008,25,1.1283791670955126,5313.0,3497.0,45.00001609038752,0.0,0.0,0.0
5009,25,1.1283791670955126,4688.0,3498.0,45.00001609038752,0.0,0.0,0.0
5010,25,1.1283791670955126,4695.0,3498.0,45.00001609038752,0.0,0.0,0.0
5011,750,6.180387232371033,4913.8,3503.6666666666665,10.28264517554435,13.42473293481074,5.035748986122129,26.656854249492383
5012,150,2.763953195770684,4918.333333333333,3499.8333333333335,12.933183021488421,4.363338213437162,1.65500979239906,5.0
5013,25,1.1283791670955126,5311.0,3498.0,45.00001609038752,0.0,0.0,0.0
5014,6925,18.77997214831907,6672.574007220217,3530.4584837545126,11.801738060095557,53.27542810045998,12.69226908163048,130.36143571373725
5015,25,1.1283791670955126,4558.0,3499.0,45.00001609038752,0.0,0.0,0.0
5016,50,1.5957691216057308,4908.0,3499.5,0.0,2.0,0.0,0.0
5017,25,1.1283791670955126,5262.0,3499.0,45.00001609038752,0.0,0.0,0.0
5018,4975,15.91774699517169,5271.417085427136,3507.9145728643216,85.9971559476649,26.39100978105847,11.529791064527164,69.45584412271572
5019,25,1.1283791670955126,5265.0,3500.0,45.00001609038752,0.0,0.0,0.0
5020,25,1.1283791670955126,5308.0,3500.0,45.00001609038752,0.0,0.0,0.0
5021,25,1.1283791670955126,528.0,3501.0,45.00001609038752,0.0,0.0,0.0
5022,25,1.1283791670955126,2201.0,3501.0,45.00001609038752,0.0,0.0,0.0
5023,50,1.5957691216057308,4559.0,3501.5,0.0,2.0,0.0,0.0
5024,25,1.1283791670955126,5271.0,3501.0,45.00001609038752,0.0,0.0,0.0
5025,25,1.1283791670955126,5305.0,3501.0,45.00001609038752,0.0,0.0,0.0
5026,50,1.5957691216057308,4917.0,3502.5,0.0,2.0,0.0,0.0
5027,25,1.1283791670955126,5303.0,3502.0,45.00001609038752,0.0,0.0,0.0
5028,25,1.1283791670955126,6661.0,3502.0,45.00001609038752,0.0,0.0,0.0
5029,25,1.1283791670955126,2202.0,3503.0,45.00001609038752,0.0,0.0,0.0
5030,50,1.5957691216057308,4560.0,3503.5,0.0,2.0,0.0,0.0
5031,25,1.1283791670955126,4826.0,3503.0,45.00001609038752,0.0,0.0,0.0
5032,75,1.9544100476116797,4920.333333333333,3503.6666666666665,-45.00001609038752,2.3094010767585034,1.3333333333333333,3.414213562373095
5033,25,1.1283791670955126,4922.0,3503.0,45.00001609038752,0.0,0.0,0.0
5034,75,1.9544100476116797,5050.666666666667,3503.6666666666665,45.00001609038752,2.3094010767585034,1.3333333333333333,3.414213562373095
5035,100,2.256758334191025,5063.5,3503.5,45.00001609038752,2.0,2.0,4.0
5036,25,1.1283791670955126,5067.0,3503.0,45.00001609038752,0.0,0.0,0.0
5037,25,1.1283791670955126,5297.0,3503.0,45.00001609038752,0.0,0.0,0.0
5038,9825,22.36924542940416,6738.419847328244,3514.022900763359,83.10672138863713,31.004090598661396,17.874571988360273,96.56244584051392
5039,300,3.9088200952233594,4683.333333333333,3506.8333333333335,-0.7637629942006445,6.289791763513158,2.493250358351489,10.82842712474619
5040,25,1.1283791670955126,4687.0,3504.0,45.00001609038752,0.0,0.0,0.0
5041,150,2.763953195770684,4696.0,3505.5,39.69018655370586,4.8496611975202075,1.3468925727763872,6.414213562373095
5042,125,2.5231325220201604,4827.6,3504.8,18.43495541459913,3.098386676965933,1.7888543819998317,5.207106781186548
5043,25,1.1283791670955126,5288.0,3504.0,45.00001609038752,0.0,0.0,0.0
5044,25,1.1283791670955126,6662.0,3504.0,45.00001609038752,0.0,0.0,0.0
5045,25,1.1283791670955126,2203.0,3505.0,45.00001609038752,0.0,0.0,0.0
5046,25,1.1283791670955126,4561.0,3505.0,45.00001609038752,0.0,0.0,0.0
5047,25,1.1283791670955126,4686.0,3505.0,45.00001609038752,0.0,0.0,0.0
5048,25,1.1283791670955126,4698.0,3505.0,45.00001609038752,0.0,0.0,0.0
5049,25,1.1283791670955126,4918.0,3505.0,45.00001609038752,0.0,0.0,0.0
5050,25,1.1283791670955126,5287.0,3505.0,45.00001609038752,0.0,0.0,0.0
5051,25,1.1283791670955126,529.0,3506.0,45.00001609038752,0.0,0.0,0.0
5052,100,2.256758334191025,2204.5,3507.0,31.71748575249332,3.23606797749979,1.2360679774997898,4.414213562373095
5053,75,1.9544100476116797,6731.333333333333,3506.3333333333335,45.00001609038752,2.3094010767585034,1.3333333333333333,3.414213562373095
5054,25,1.1283791670955126,4829.0,3507.0,45.00001609038752,0.0,0.0,0.0
5055,300,3.9088200952233594,4911.0,3509.8333333333335,21.53902972211675,7.155700365518873,2.086026805788607,10.035533905932738
5056,175,2.985410660720923,5024.0,3508.285714285714,33.40071668607108,4.796702691401646,1.7646790841090736,7.207106781186548
5057,25,1.1283791670955126,4562.0,3508.0,45.00001609038752,0.0,0.0,0.0
5058,25,1.1283791670955126,4919.0,3508.0,45.00001609038752,0.0,0.0,0.0
5059,50,1.5957691216057308,4563.0,3509.5,0.0,2.0,0.0,0.0
5060,25,1.1283791670955126,4830.0,3509.0,45.00001609038752,0.0,0.0,0.0
5061,25,1.1283791670955126,2206.0,3510.0,45.00001609038752,0.0,0.0,0.0
5062,100,2.256758334191025,4831.5,3511.0,31.71748575249332,3.23606797749979,1.2360679774997898,4.414213562373095
5063,125,2.5231325220201604,4907.0,3511.0,31.71748575249332,4.093338188813542,1.5635160606788385,5.414213562373095
5064,150,2.763953195770684,4915.0,3511.5,-39.69018655370586,4.8496611975202075,1.3468925727763872,6.414213562373095
5065,25,1.1283791670955126,2207.0,3511.0,45.00001609038752,0.0,0.0,0.0
5066,50,1.5957691216057308,4564.0,3511.5,0.0,2.0,0.0,0.0
5067,25,1.1283791670955126,2208.0,3512.0,45.00001609038752,0.0,0.0,0.0
5068,25,1.1283791670955126,4565.0,3513.0,45.00001609038752,0.0,0.0,0.0
5069,25,1.1283791670955126,4833.0,3513.0,45.00001609038752,0.0,0.0,0.0
5070,1200,7.817640190446719,4909.6875,3519.9583333333335,-5.566912873222329,14.91680539999367,4.854410937241363,33.520815280171306
5071,50,1.5957691216057308,4566.0,3514.5,0.0,2.0,0.0,0.0
5072,25,1.1283791670955126,4834.0,3514.0,45.00001609038752,0.0,0.0,0.0
5073,50,1.5957691216057308,6665.0,3514.5,0.0,2.0,0.0,0.0
5074,25,1.1283791670955126,532.0,3515.0,45.00001609038752,0.0,0.0,0.0
5075,25,1.1283791670955126,2210.0,3515.0,45.00001609038752,0.0,0.0,0.0
5076,25,1.1283791670955126,4673.0,3515.0,45.00001609038752,0.0,0.0,0.0
5077,275,3.742410318509555,4694.909090909091,3517.818181818182,2.2569950360208915,6.110332247424909,2.66337978744958,9.035533905932738
5078,25,1.1283791670955126,4835.0,3515.0,45.00001609038752,0.0,0.0,0.0
5079,25,1.1283791670955126,4913.0,3515.0,45.00001609038752,0.0,0.0,0.0
5080,25,1.1283791670955126,2211.0,3516.0,45.00001609038752,0.0,0.0,0.0
5081,25,1.1283791670955126,4567.0,3516.0,45.00001609038752,0.0,0.0,0.0
5082,25,1.1283791670955126,4836.0,3516.0,45.00001609038752,0.0,0.0,0.0
5083,25,1.1283791670955126,4893.0,3516.0,45.00001609038752,0.0,0.0,0.0
5084,92625,68.6829856168453,6547.602699055331,3587.9438596491227,54.99052349320531,179.1512655923257,61.95261998103912,456.85385976291224
5085,25,1.1283791670955126,533.0,3517.0,45.00001609038752,0.0,0.0,0.0
5086,25,1.1283791670955126,4837.0,3517.0,45.00001609038752,0.0,0.0,0.0
5087,25,1.1283791670955126,4892.0,3517.0,45.00001609038752,0.0,0.0,0.0
5088,150,2.763953195770684,2213.5,3518.5,71.5650767661759,3.9999999999999996,1.632993161855452,6.414213562373095
5089,25,1.1283791670955126,4568.0,3518.0,45.00001609038752,0.0,0.0,0.0
5090,25,1.1283791670955126,4839.0,3518.0,45.00001609038752,0.0,0.0,0.0
5091,25,1.1283791670955126,4907.0,3518.0,45.00001609038752,0.0,0.0,0.0
5092,25,1.1283791670955126,6525.0,3518.0,45.00001609038752,0.0,0.0,0.0
5093,25,1.1283791670955126,4697.0,3519.0,45.00001609038752,0.0,0.0,0.0
5094,25,1.1283791670955126,4840.0,3519.0,45.00001609038752,0.0,0.0,0.0
5095,600,5.527906391541368,4914.75,3523.4583333333335,-10.076265272561823,9.280853155054439,3.937594900850637,19.48528137423857
5096,50,1.5957691216057308,6524.0,3519.5,0.0,2.0,0.0,0.0
5097,25,1.1283791670955126,6666.0,3519.0,45.00001609038752,0.0,0.0,0.0
5098,25,1.1283791670955126,4569.0,3520.0,45.00001609038752,0.0,0.0,0.0
5099,25,1.1283791670955126,4841.0,3520.0,45.00001609038752,0.0,0.0,0.0
5100,25,1.1283791670955126,4889.0,3520.0,45.00001609038752,0.0,0.0,0.0
5101,300,3.9088200952233594,4900.25,3521.8333333333335,31.845092480925207,5.45588823816547,2.730477202774252,9.65685424949238
5102,25,1.1283791670955126,4906.0,3520.0,45.00001609038752,0.0,0.0,0.0
5103,25,1.1283791670955126,535.0,3521.0,45.00001609038752,0.0,0.0,0.0
5104,25,1.1283791670955126,4842.0,3521.0,45.00001609038752,0.0,0.0,0.0
5105,25,1.1283791670955126,4888.0,3521.0,45.00001609038752,0.0,0.0,0.0
5106,325,4.068428945128219,6522.7692307692305,3526.076923076923,-3.40519759545469,11.053233844690414,1.5549075698965964,12.207106781186548
5107,25,1.1283791670955126,536.0,3522.0,45.00001609038752,0.0,0.0,0.0
5108,25,1.1283791670955126,590.0,3522.0,45.00001609038752,0.0,0.0,0.0
5109,25,1.1283791670955126,4570.0,3522.0,45.00001609038752,0.0,0.0,0.0
5110,125,2.5231325220201604,4844.6,3522.2,84.84760710407011,4.093338188813542,1.563516060678838,4.414213562373095
5111,25,1.1283791670955126,4848.0,3522.0,45.00001609038752,0.0,0.0,0.0
5112,62275,56.31731266613571,6747.458851866721,3556.117221999197,33.15287995090208,82.54422372409492,39.770995506432364,228.96551211459376
5113,25,1.1283791670955126,2323.0,3523.0,45.00001609038752,0.0,0.0,0.0
5114,25,1.1283791670955126,4571.0,3523.0,45.00001609038752,0.0,0.0,0.0
5115,300,3.9088200952233594,4701.75,3525.0833333333335,4.8366794456243865,5.294328785763617,2.862220279862641,9.621320343559642
5116,25,1.1283791670955126,4849.0,3523.0,45.00001609038752,0.0,0.0,0.0
5117,25,1.1283791670955126,4857.0,3523.0,45.00001609038752,0.0,0.0,0.0
5118,50,1.5957691216057308,4867.5,3523.0,90.00003218077504,2.0,0.0,0.0
5119,25,1.1283791670955126,4886.0,3523.0,45.00001609038752,0.0,0.0,0.0
5120,50,1.5957691216057308,4905.5,3523.0,90.00003218077504,2.0,0.0,0.0
5121,25,1.1283791670955126,588.0,3524.0,45.00001609038752,0.0,0.0,0.0
5122,50,1.5957691216057308,2219.5,3524.0,90.00003218077504,2.0,0.0,0.0
5123,50,1.5957691216057308,4572.0,3524.5,0.0,2.0,0.0,0.0
5124,325,4.068428945128219,4686.153846153846,3526.3846153846152,-31.998338519199446,7.2689004047625065,3.106170311852714,12.035533905932738
5125,25,1.1283791670955126,4850.0,3524.0,45.00001609038752,0.0,0.0,0.0
5126,75,1.9544100476116797,4853.333333333333,3524.3333333333335,45.00001609038752,2.3094010767585034,1.3333333333333333,3.414213562373095
5127,25,1.1283791670955126,4858.0,3524.0,45.00001609038752,0.0,0.0,0.0
5128,475,4.918490759365935,4875.631578947368,3525.0,-79.28348607442138,8.861974007391737,3.0657682068045173,16.65685424949238
5129,25,1.1283791670955126,4851.0,3525.0,45.00001609038752,0.0,0.0,0.0
5130,175,2.985410660720923,4905.142857142857,3525.714285714286,59.527323334368766,3.582070095417669,2.4713456540351713,6.207106781186548
5131,25,1.1283791670955126,539.0,3526.0,45.00001609038752,0.0,0.0,0.0
5132,15750,28.32209231647889,584.479365079365,3544.430158730159,60.824032018387875,35.07386012667263,27.433494509904936,120.22539674441617
5133,25,1.1283791670955126,2321.0,3526.0,45.00001609038752,0.0,0.0,0.0
5134,25,1.1283791670955126,4573.0,3526.0,45.00001609038752,0.0,0.0,0.0
5135,100,2.256758334191025,4689.5,3527.0,-31.71748575249332,3.23606797749979,1.2360679774997898,4.414213562373095
5136,25,1.1283791670955126,4852.0,3526.0,45.00001609038752,0.0,0.0,0.0
5137,25,1.1283791670955126,540.0,3527.0,45.00001609038752,0.0,0.0,0.0
5138,25,1.1283791670955126,586.0,3527.0,45.00001609038752,0.0,0.0,0.0
5139,25,1.1283791670955126,2320.0,3527.0,45.00001609038752,0.0,0.0,0.0
5140,25,1.1283791670955126,2224.0,3528.0,45.00001609038752,0.0,0.0,0.0
5141,25,1.1283791670955126,4574.0,3528.0,45.00001609038752,0.0,0.0,0.0
5142,19825,31.775445850136926,4881.546027742749,3559.6166456494325,6.771151265667492,59.83748652900651,18.37497621649159,144.42640687119285
5143,25,1.1283791670955126,2225.0,3529.0,45.00001609038752,0.0,0.0,0.0
5144,25,1.1283791670955126,4575.0,3529.0,45.00001609038752,0.0,0.0,0.0
5145,875,6.6755811781245455,4689.571428571428,3533.7428571428572,26.784723644266812,11.337530359430634,5.327096429519261,26.935028842544405
5146,25,1.1283791670955126,2227.0,3530.0,45.00001609038752,0.0,0.0,0.0
5147,1225,7.898654169668588,6597.469387755102,3535.6326530612246,-19.290641489127037,12.114850831538188,5.177972309982728,25.9350288425444
5148,25,1.1283791670955126,547.0,3531.0,45.00001609038752,0.0,0.0,0.0
5149,25,1.1283791670955126,582.0,3531.0,45.00001609038752,0.0,0.0,0.0
5150,25,1.1283791670955126,4576.0,3531.0,45.00001609038752,0.0,0.0,0.0
5151,75,1.9544100476116797,4684.333333333333,3531.6666666666665,-45.00001609038752,2.3094010767585034,1.3333333333333333,3.414213562373095
5152,25,1.1283791670955126,549.0,3532.0,45.00001609038752,0.0,0.0,0.0
5153,25,1.1283791670955126,580.0,3532.0,45.00001609038752,0.0,0.0,0.0
5154,25,1.1283791670955126,2314.0,3532.0,45.00001609038752,0.0,0.0,0.0
5155,25,1.1283791670955126,4577.0,3532.0,45.00001609038752,0.0,0.0,0.0
5156,25,1.1283791670955126,551.0,3533.0,45.00001609038752,0.0,0.0,0.0
5157,125,2.5231325220201604,563.8,3533.8,45.00001609038752,4.0,1.3856406460551023,5.414213562373095
5158,25,1.1283791670955126,578.0,3533.0,45.00001609038752,0.0,0.0,0.0
5159,25,1.1283791670955126,4578.0,3533.0,45.00001609038752,0.0,0.0,0.0
5160,75,1.9544100476116797,4682.333333333333,3533.3333333333335,45.00001609038752,2.3094010767585034,1.3333333333333333,3.414213562373095
5161,150,2.763953195770684,4892.166666666667,3533.8333333333335,-45.000016090387525,3.1269438398822857,2.309401076758503,6.242640687119286
5162,25,1.1283791670955126,558.0,3534.0,45.00001609038752,0.0,0.0,0.0
5163,50,1.5957691216057308,566.5,3534.0,90.00003218077504,2.0,0.0,0.0
5164,25,1.1283791670955126,575.0,3534.0,45.00001609038752,0.0,0.0,0.0
5165,73425,61.15148847646452,4934.411985018726,3574.5304732720465,42.96721723320487,90.09518861398182,52.77755823264766,347.7117241391813
5166,350,4.222008245644752,6523.428571428572,3540.0714285714284,6.454834868671079,14.550639209616662,1.121824597831979,12.0
5167,50,1.5957691216057308,2235.5,3535.0,90.00003218077504,2.0,0.0,0.0
5168,88100,66.98429782901896,2288.5519296254256,3571.122871736663,89.92378757074702,72.46657335787691,67.1383448588285,264.7228714274745
5169,25,1.1283791670955126,4579.0,3535.0,45.00001609038752,0.0,0.0,0.0
5170,25,1.1283791670955126,2311.0,3536.0,45.00001609038752,0.0,0.0,0.0
5171,25,1.1283791670955126,4580.0,3536.0,45.00001609038752,0.0,0.0,0.0
5172,25,1.1283791670955126,2240.0,3537.0,45.00001609038752,0.0,0.0,0.0
5173,25,1.1283791670955126,2309.0,3537.0,45.00001609038752,0.0,0.0,0.0
5174,25,1.1283791670955126,4581.0,3537.0,45.00001609038752,0.0,0.0,0.0
5175,25,1.1283791670955126,2242.0,3538.0,45.00001609038752,0.0,0.0,0.0
5176,25,1.1283791670955126,2308.0,3538.0,45.00001609038752,0.0,0.0,0.0
5177,100,2.256758334191025,4582.5,3539.0,31.71748575249332,3.23606797749979,1.2360679774997898,4.414213562373095
5178,25,1.1283791670955126,2244.0,3539.0,45.00001609038752,0.0,0.0,0.0
5179,50,1.5957691216057308,2250.0,3539.5,0.0,2.0,0.0,0.0
5180,25,1.1283791670955126,2306.0,3539.0,45.00001609038752,0.0,0.0,0.0
5181,425,4.652426491681278,4681.470588235294,3541.3529411764707,-82.73280204200482,5.517059056710797,4.9255478175002665,15.071067811865476
5182,25,1.1283791670955126,2246.0,3540.0,45.00001609038752,0.0,0.0,0.0
5183,175,2.985410660720923,2255.4285714285716,3541.0,85.15563716841018,5.61610711817637,2.092297346006891,6.414213562373095
5184,50,1.5957691216057308,2304.5,3540.0,90.00003218077504,2.0,0.0,0.0
5185,212375,104.00081698008533,9103.022366097704,3596.212948793408,18.258367134533618,130.03754703108322,91.4168059434049,565.0792565073284
5186,25,1.1283791670955126,2247.0,3541.0,45.00001609038752,0.0,0.0,0.0
5187,50,1.5957691216057308,2301.5,3541.0,90.00003218077504,2.0,0.0,0.0
5188,25,1.1283791670955126,4584.0,3541.0,45.00001609038752,0.0,0.0,0.0
5189,160200,90.32673470608202,6935.32709113608,3595.9392946317103,27.61606169204367,139.35471430752892,62.1742823401522,363.90663761154804
5190,25,1.1283791670955126,2248.0,3542.0,45.00001609038752,0.0,0.0,0.0
5191,150,2.763953195770684,2262.5,3542.0,90.00003218077504,6.831300510639732,0.0,4.0
5192,25,1.1283791670955126,2275.0,3542.0,45.00001609038752,0.0,0.0,0.0
5193,25,1.1283791670955126,2278.0,3542.0,45.00001609038752,0.0,0.0,0.0
5194,50,1.5957691216057308,2298.5,3542.0,90.00003218077504,2.0,0.0,0.0
5195,25,1.1283791670955126,4585.0,3542.0,45.00001609038752,0.0,0.0,0.0
5196,50,1.5957691216057308,2279.5,3543.0,90.00003218077504,2.0,0.0,0.0
5197,25,1.1283791670955126,2295.0,3543.0,45.00001609038752,0.0,0.0,0.0
5198,25,1.1283791670955126,4586.0,3543.0,45.00001609038752,0.0,0.0,0.0
5199,25,1.1283791670955126,2282.0,3544.0,45.00001609038752,0.0,0.0,0.0
5200,50,1.5957691216057308,2290.5,3544.0,90.00003218077504,2.0,0.0,0.0
5201,25,1.1283791670955126,4587.0,3544.0,45.00001609038752,0.0,0.0,0.0
5202,25,1.1283791670955126,6595.0,3544.0,45.00001609038752,0.0,0.0,0.0
5203,25,1.1283791670955126,6597.0,3544.0,45.00001609038752,0.0,0.0,0.0
5204,160375,90.37605700336826,6693.826500389711,3591.6939984411533,-68.44616493529557,97.7002835071461,86.6421895486882,402.0254326381661
5205,25,1.1283791670955126,4588.0,3545.0,45.00001609038752,0.0,0.0,0.0
5206,25,1.1283791670955126,6596.0,3545.0,45.00001609038752,0.0,0.0,0.0
5207,25,1.1283791670955126,4589.0,3546.0,45.00001609038752,0.0,0.0,0.0
5208,25,1.1283791670955126,4663.0,3546.0,45.00001609038752,0.0,0.0,0.0
5209,25,1.1283791670955126,4590.0,3547.0,45.00001609038752,0.0,0.0,0.0
5210,25,1.1283791670955126,4662.0,3547.0,45.00001609038752,0.0,0.0,0.0
5211,75,1.9544100476116797,6525.0,3548.0,0.0,3.265986323710904,0.0,1.0
5212,25,1.1283791670955126,4591.0,3548.0,45.00001609038752,0.0,0.0,0.0
5213,25,1.1283791670955126,4592.0,3549.0,45.00001609038752,0.0,0.0,0.0
5214,50,1.5957691216057308,4660.0,3549.5,0.0,2.0,0.0,0.0
5215,1250,7.978845608028654,10827.7,3551.92,85.31960604891712,20.3542288609453,4.647899254099796,39.31370849898476
5216,25,1.1283791670955126,4595.0,3551.0,45.00001609038752,0.0,0.0,0.0
5217,25,1.1283791670955126,4659.0,3551.0,45.00001609038752,0.0,0.0,0.0
5218,275,3.742410318509555,6526.909090909091,3555.090909090909,16.67860505740222,10.135723781613853,1.3152617002645208,9.0
5219,100,2.256758334191025,6665.5,3552.0,31.71748575249332,3.23606797749979,1.2360679774997898,4.414213562373095
5220,1925,9.901487006738307,9139.688311688311,3564.012987012987,0.7909300400818138,31.778134962674972,3.39913003526819,58.44974746830584
5221,25,1.1283791670955126,4596.0,3552.0,45.00001609038752,0.0,0.0,0.0
5222,25,1.1283791670955126,4658.0,3552.0,45.00001609038752,0.0,0.0,0.0
5223,25,1.1283791670955126,8841.0,3552.0,45.00001609038752,0.0,0.0,0.0
5224,25,1.1283791670955126,8846.0,3552.0,45.00001609038752,0.0,0.0,0.0
5225,25,1.1283791670955126,8848.0,3552.0,45.00001609038752,0.0,0.0,0.0
5226,25,1.1283791670955126,4657.0,3553.0,45.00001609038752,0.0,0.0,0.0
5227,25,1.1283791670955126,8840.0,3553.0,45.00001609038752,0.0,0.0,0.0
5228,25,1.1283791670955126,4599.0,3554.0,45.00001609038752,0.0,0.0,0.0
5229,50,1.5957691216057308,8838.5,3554.0,90.00003218077504,2.0,0.0,0.0
5230,25,1.1283791670955126,4601.0,3555.0,45.00001609038752,0.0,0.0,0.0
5231,25,1.1283791670955126,8837.0,3555.0,45.00001609038752,0.0,0.0,0.0
5232,25,1.1283791670955126,8870.0,3555.0,45.00001609038752,0.0,0.0,0.0
5233,25,1.1283791670955126,4654.0,3556.0,45.00001609038752,0.0,0.0,0.0
5234,25,1.1283791670955126,4653.0,3557.0,45.00001609038752,0.0,0.0,0.0
5235,25,1.1283791670955126,4666.0,3557.0,45.00001609038752,0.0,0.0,0.0
5236,25,1.1283791670955126,4652.0,3558.0,45.00001609038752,0.0,0.0,0.0
5237,25,1.1283791670955126,4609.0,3559.0,45.00001609038752,0.0,0.0,0.0
5238,50,1.5957691216057308,4650.5,3559.0,90.00003218077504,2.0,0.0,0.0
5239,50,1.5957691216057308,4664.5,3559.0,90.00003218077504,2.0,0.0,0.0
5240,25,1.1283791670955126,4622.0,3561.0,45.00001609038752,0.0,0.0,0.0
5241,25,1.1283791670955126,4630.0,3561.0,45.00001609038752,0.0,0.0,0.0
5242,25,1.1283791670955126,4643.0,3561.0,45.00001609038752,0.0,0.0,0.0
5243,25,1.1283791670955126,4645.0,3561.0,45.00001609038752,0.0,0.0,0.0
5244,25,1.1283791670955126,6529.0,3561.0,45.00001609038752,0.0,0.0,0.0
5245,25,1.1283791670955126,4621.0,3562.0,45.00001609038752,0.0,0.0,0.0
5246,25,1.1283791670955126,4632.0,3562.0,45.00001609038752,0.0,0.0,0.0
5247,50,1.5957691216057308,4641.5,3562.0,90.00003218077504,2.0,0.0,0.0
5248,75,1.9544100476116797,4648.666666666667,3562.6666666666665,45.00001609038752,2.3094010767585034,1.3333333333333333,3.414213562373095
5249,50,1.5957691216057308,6530.0,3563.5,0.0,2.0,0.0,0.0
5250,89700,67.58981792037736,6862.528149386845,3607.861482720178,-7.474961131052765,120.18772525106733,51.27837499050398,349.04267658086917
5251,50,1.5957691216057308,6531.0,3565.5,0.0,2.0,0.0,0.0
5252,50,1.5957691216057308,6532.0,3567.5,0.0,2.0,0.0,0.0
5253,25,1.1283791670955126,6661.0,3567.0,45.00001609038752,0.0,0.0,0.0
5254,50,1.5957691216057308,6533.0,3569.5,0.0,2.0,0.0,0.0
5255,25,1.1283791670955126,6660.0,3569.0,45.00001609038752,0.0,0.0,0.0
5256,75,1.9544100476116797,10733.0,3570.0,90.00003218077504,3.265986323710904,0.0,1.0
5257,50,1.5957691216057308,6534.0,3571.5,0.0,2.0,0.0,0.0
5258,25,1.1283791670955126,6659.0,3571.0,45.00001609038752,0.0,0.0,0.0
5259,25,1.1283791670955126,10731.0,3571.0,45.00001609038752,0.0,0.0,0.0
5260,25,1.1283791670955126,4693.0,3573.0,45.00001609038752,0.0,0.0,0.0
5261,700,5.970821321441846,4695.821428571428,3575.8928571428573,-9.036465782993071,8.223803025988028,5.368243975601973,22.692388155425114
5262,1225,7.898654169668588,4705.244897959184,3575.408163265306,-80.77821355374205,12.306452268405568,6.339667381099854,32.935028842544405
5263,100,2.256758334191025,6535.5,3574.0,31.71748575249332,3.23606797749979,1.2360679774997898,4.414213562373095
5264,25,1.1283791670955126,6658.0,3573.0,45.00001609038752,0.0,0.0,0.0
5265,100,2.256758334191025,6977.25,3574.75,-18.43495541459913,3.4641016151377544,1.4142135623730951,3.2071067811865475
5266,25,1.1283791670955126,6657.0,3575.0,45.00001609038752,0.0,0.0,0.0
5267,100,2.256758334191025,6537.5,3577.0,31.71748575249332,3.23606797749979,1.2360679774997898,4.414213562373095
5268,175,2.985410660720923,4709.428571428572,3578.285714285714,-71.5650767661759,3.7032803990902057,2.68023757704196,7.621320343559642
5269,25,1.1283791670955126,6656.0,3577.0,45.00001609038752,0.0,0.0,0.0
5270,100,2.256758334191025,6978.5,3578.0,31.71748575249332,3.23606797749979,1.2360679774997898,4.414213562373095
5271,100,2.256758334191025,8877.5,3577.5,45.00001609038752,2.0,2.0,4.0
5272,100,2.256758334191025,10842.0,3578.5,58.28254642828171,3.23606797749979,1.2360679774997898,4.414213562373095
5273,100,2.256758334191025,6539.5,3580.0,31.71748575249332,3.23606797749979,1.2360679774997898,4.414213562373095
5274,475,4.918490759365935,8838.0,3583.157894736842,12.911504348913919,9.03242861200287,2.8498429009697475,17.27817459305202
5275,50,1.5957691216057308,10839.5,3579.0,90.00003218077504,2.0,0.0,0.0
5276,100,2.256758334191025,4706.0,3580.5,-58.28254642828171,3.23606797749979,1.2360679774997898,4.414213562373095
5277,25,1.1283791670955126,6654.0,3580.0,45.00001609038752,0.0,0.0,0.0
5278,25,1.1283791670955126,10703.0,3580.0,45.00001609038752,0.0,0.0,0.0
5279,50,1.5957691216057308,6653.0,3581.5,0.0,2.0,0.0,0.0
5280,25,1.1283791670955126,6979.0,3581.0,45.00001609038752,0.0,0.0,0.0
5281,375,4.370193722368317,10813.733333333334,3582.6666666666665,-51.98524953307624,8.281695316597776,2.91512729181538,15.242640687119286
5282,25,1.1283791670955126,10847.0,3581.0,45.00001609038752,0.0,0.0,0.0
5283,25,1.1283791670955126,6541.0,3582.0,45.00001609038752,0.0,0.0,0.0
5284,25,1.1283791670955126,4893.0,3583.0,45.00001609038752,0.0,0.0,0.0
5285,325,4.068428945128219,6544.461538461538,3585.6923076923076,46.31246787991365,8.3665525673269,1.9613648269277943,13.65685424949238
5286,25,1.1283791670955126,6652.0,3583.0,45.00001609038752,0.0,0.0,0.0
5287,75,1.9544100476116797,4891.0,3584.0,90.00003218077504,3.265986323710904,0.0,1.0
5288,150,2.763953195770684,4902.166666666667,3584.3333333333335,75.34502340521284,5.545131758410893,1.3022896092295921,5.207106781186548
5289,900,6.770275002573076,4921.583333333333,3587.75,58.19466971004021,13.399674914004347,4.190444285527932,26.76345596729059
5290,150,2.763953195770684,6650.0,3585.5,-39.69018655370586,4.8496611975202075,1.3468925727763872,6.414213562373095
5291,100,2.256758334191025,4887.5,3585.0,90.00003218077504,4.47213595499958,0.0,2.0
5292,25,1.1283791670955126,4885.0,3586.0,45.00001609038752,0.0,0.0,0.0
5293,50,1.5957691216057308,4905.5,3586.0,90.00003218077504,2.0,0.0,0.0
5294,450,4.787307364817192,6638.444444444444,3591.1666666666665,-5.923543287744835,10.227452926551509,2.541836940134968,14.414213562373096
5295,25,1.1283791670955126,10706.0,3586.0,45.00001609038752,0.0,0.0,0.0
5296,4600,15.306079714651624,10744.603260869566,3596.5434782608695,-48.259978205525634,34.128181152912546,10.447648398280762,91.29036790187178
5297,25,1.1283791670955126,4883.0,3587.0,45.00001609038752,0.0,0.0,0.0
5298,25,1.1283791670955126,4910.0,3587.0,45.00001609038752,0.0,0.0,0.0
5299,25,1.1283791670955126,10681.0,3587.0,45.00001609038752,0.0,0.0,0.0
5300,25,1.1283791670955126,4881.0,3588.0,45.00001609038752,0.0,0.0,0.0
5301,50,1.5957691216057308,4912.5,3588.0,90.00003218077504,2.0,0.0,0.0
5302,25,1.1283791670955126,6648.0,3588.0,45.00001609038752,0.0,0.0,0.0
5303,225,3.385137501286538,8871.444444444445,3589.8888888888887,-41.02827876494187,6.139661363314086,1.8414608594576856,8.414213562373096
5304,575,5.4115163798060095,4875.826086956522,3591.608695652174,-46.419943051804886,8.905452799181731,5.058177534345398,19.86396103067893
5305,150,2.763953195770684,6549.5,3590.0,50.30984562706919,4.8496611975202075,1.3468925727763872,6.414213562373095
5306,25,1.1283791670955126,6647.0,3589.0,45.00001609038752,0.0,0.0,0.0
5307,50,1.5957691216057308,6982.0,3589.5,0.0,2.0,0.0,0.0
5308,25,1.1283791670955126,6646.0,3590.0,45.00001609038752,0.0,0.0,0.0
5309,25,1.1283791670955126,6645.0,3591.0,45.00001609038752,0.0,0.0,0.0
5310,25,1.1283791670955126,6552.0,3592.0,45.00001609038752,0.0,0.0,0.0
5311,25,1.1283791670955126,6644.0,3592.0,45.00001609038752,0.0,0.0,0.0
5312,25,1.1283791670955126,6755.0,3592.0,45.00001609038752,0.0,0.0,0.0
5313,25,1.1283791670955126,6767.0,3592.0,45.00001609038752,0.0,0.0,0.0
5314,25,1.1283791670955126,10665.0,3592.0,45.00001609038752,0.0,0.0,0.0
5315,25,1.1283791670955126,614.0,3593.0,45.00001609038752,0.0,0.0,0.0
5316,50,1.5957691216057308,6553.5,3593.0,90.00003218077504,2.0,0.0,0.0
5317,25,1.1283791670955126,6643.0,3593.0,45.00001609038752,0.0,0.0,0.0
5318,25,1.1283791670955126,6752.0,3593.0,45.00001609038752,0.0,0.0,0.0
5319,50,1.5957691216057308,6983.0,3593.5,0.0,2.0,0.0,0.0
5320,25,1.1283791670955126,8869.0,3593.0,45.00001609038752,0.0,0.0,0.0
5321,100,2.256758334191025,10663.75,3594.0,0.0,2.8284271247461903,1.7320508075688772,4.621320343559642
5322,25,1.1283791670955126,612.0,3594.0,45.00001609038752,0.0,0.0,0.0
5323,25,1.1283791670955126,615.0,3594.0,45.00001609038752,0.0,0.0,0.0
5324,25,1.1283791670955126,6555.0,3594.0,45.00001609038752,0.0,0.0,0.0
5325,25,1.1283791670955126,6642.0,3594.0,45.00001609038752,0.0,0.0,0.0
5326,50,1.5957691216057308,6749.5,3594.0,90.00003218077504,2.0,0.0,0.0
5327,25,1.1283791670955126,6779.0,3594.0,45.00001609038752,0.0,0.0,0.0
5328,25,1.1283791670955126,8870.0,3594.0,45.00001609038752,0.0,0.0,0.0
5329,25,1.1283791670955126,10606.0,3594.0,45.00001609038752,0.0,0.0,0.0
5330,200,3.1915382432114616,10607.5,3596.375,-33.35273029878975,5.447362324890185,3.174309956725555,7.414213562373095
5331,25,1.1283791670955126,4872.0,3595.0,45.00001609038752,0.0,0.0,0.0
5332,25,1.1283791670955126,4927.0,3595.0,45.00001609038752,0.0,0.0,0.0
5333,400,4.51351666838205,4931.8125,3597.4375,57.07843777717165,8.13150332548484,2.500730626762709,14.071067811865476
5334,125,2.5231325220201604,6557.6,3595.4,69.00641842630537,4.34169545110285,1.2765894445250698,4.207106781186548
5335,25,1.1283791670955126,6636.0,3595.0,45.00001609038752,0.0,0.0,0.0
5336,25,1.1283791670955126,6641.0,3595.0,45.00001609038752,0.0,0.0,0.0
5337,25,1.1283791670955126,6747.0,3595.0,45.00001609038752,0.0,0.0,0.0
5338,25,1.1283791670955126,8869.0,3595.0,45.00001609038752,0.0,0.0,0.0
5339,25,1.1283791670955126,10605.0,3595.0,45.00001609038752,0.0,0.0,0.0
5340,1325,8.214724333230155,10651.716981132075,3599.490566037736,-72.99446458319665,27.734341911593123,3.1103381261771155,41.97056274847714
5341,50,1.5957691216057308,4871.0,3596.5,0.0,2.0,0.0,0.0
5342,25,1.1283791670955126,6746.0,3596.0,45.00001609038752,0.0,0.0,0.0
5343,25,1.1283791670955126,10625.0,3596.0,45.00001609038752,0.0,0.0,0.0
5344,25,1.1283791670955126,10665.0,3596.0,45.00001609038752,0.0,0.0,0.0
5345,25,1.1283791670955126,607.0,3597.0,45.00001609038752,0.0,0.0,0.0
5346,25,1.1283791670955126,6560.0,3597.0,45.00001609038752,0.0,0.0,0.0
5347,1650,9.166995688475081,10629.530303030304,3600.969696969697,-78.5150976053105,16.73613801073087,7.352150563673873,45.17766952966369
5348,1125,7.569397566060481,10664.2,3600.688888888889,-67.13624189967155,15.29985269959153,4.4011714167864024,33.14213562373095
5349,1275,8.058239062071396,10691.78431372549,3600.9607843137255,-73.34384508542699,22.417838922592164,4.0638282776986685,40.89949493661166
5350,50,1.5957691216057308,10712.0,3597.5,0.0,2.0,0.0,0.0
5351,25,1.1283791670955126,10719.0,3597.0,45.00001609038752,0.0,0.0,0.0
5352,25,1.1283791670955126,10773.0,3597.0,45.00001609038752,0.0,0.0,0.0
5353,25,1.1283791670955126,4870.0,3598.0,45.00001609038752,0.0,0.0,0.0
5354,50,1.5957691216057308,6561.5,3598.0,90.00003218077504,2.0,0.0,0.0
5355,25,1.1283791670955126,6634.0,3598.0,45.00001609038752,0.0,0.0,0.0
5356,12375,25.104851615652017,10676.018181818183,3612.850505050505,-72.13527868573883,82.14208385608829,11.985851877519023,231.65180361560903
5357,350,4.222008245644752,10734.5,3598.714285714286,-77.74585191554092,8.424886348833363,2.2040927165432085,14.414213562373096
5358,50,1.5957691216057308,10753.5,3598.0,90.00003218077504,2.0,0.0,0.0
5359,125,2.5231325220201604,10765.8,3598.4,-71.5650767661759,3.098386676965933,1.7888543819998317,5.207106781186548
5360,25,1.1283791670955126,605.0,3599.0,45.00001609038752,0.0,0.0,0.0
5361,50,1.5957691216057308,6563.5,3599.0,90.00003218077504,2.0,0.0,0.0
5362,50,1.5957691216057308,6632.5,3599.0,90.00003218077504,2.0,0.0,0.0
5363,25,1.1283791670955126,10605.0,3599.0,45.00001609038752,0.0,0.0,0.0
5364,25,1.1283791670955126,10639.0,3599.0,45.00001609038752,0.0,0.0,0.0
5365,50,1.5957691216057308,10751.5,3599.0,90.00003218077504,2.0,0.0,0.0
5366,125,2.5231325220201604,10761.2,3599.6,-71.5650767661759,3.098386676965933,1.7888543819998317,5.207106781186548
5367,25,1.1283791670955126,604.0,3600.0,45.00001609038752,0.0,0.0,0.0
5368,25,1.1283791670955126,4869.0,3600.0,45.00001609038752,0.0,0.0,0.0
5369,25,1.1283791670955126,4936.0,3600.0,45.00001609038752,0.0,0.0,0.0
5370,50,1.5957691216057308,6565.5,3600.0,90.00003218077504,2.0,0.0,0.0
5371,50,1.5957691216057308,6597.5,3600.0,90.00003218077504,2.0,0.0,0.0
5372,50,1.5957691216057308,6630.5,3600.0,90.00003218077504,2.0,0.0,0.0
5373,25,1.1283791670955126,6743.0,3600.0,45.00001609038752,0.0,0.0,0.0
5374,425,4.652426491681278,10755.764705882353,3601.3529411764707,-89.09375551396529,6.795716901683691,3.342848063590935,14.65685424949238
5375,25,1.1283791670955126,4937.0,3601.0,45.00001609038752,0.0,0.0,0.0
5376,25,1.1283791670955126,6568.0,3601.0,45.00001609038752,0.0,0.0,0.0
5377,25,1.1283791670955126,6595.0,3601.0,45.00001609038752,0.0,0.0,0.0
5378,25,1.1283791670955126,6599.0,3601.0,45.00001609038752,0.0,0.0,0.0
5379,50,1.5957691216057308,6628.5,3601.0,90.00003218077504,2.0,0.0,0.0
5380,25,1.1283791670955126,6742.0,3601.0,45.00001609038752,0.0,0.0,0.0
5381,25,1.1283791670955126,10729.0,3601.0,45.00001609038752,0.0,0.0,0.0
5382,50,1.5957691216057308,4868.0,3602.5,0.0,2.0,0.0,0.0
5383,25,1.1283791670955126,4938.0,3602.0,45.00001609038752,0.0,0.0,0.0
5384,50,1.5957691216057308,6570.5,3602.0,90.00003218077504,2.0,0.0,0.0
5385,50,1.5957691216057308,6593.5,3602.0,90.00003218077504,2.0,0.0,0.0
5386,225,3.385137501286538,6603.333333333333,3603.6666666666665,52.97271689160005,7.3708398168954075,1.599877896140251,8.207106781186548
5387,75,1.9544100476116797,6626.0,3602.0,90.00003218077504,3.265986323710904,0.0,1.0
5388,250,3.5682482323055424,10653.9,3603.7,-58.96451043792898,5.918668379157996,2.2292071724169684,10.449747468305834
5389,25,1.1283791670955126,10722.0,3602.0,45.00001609038752,0.0,0.0,0.0
5390,25,1.1283791670955126,4939.0,3603.0,45.00001609038752,0.0,0.0,0.0
5391,50,1.5957691216057308,6574.5,3603.0,90.00003218077504,2.0,0.0,0.0
5392,75,1.9544100476116797,6591.0,3603.0,90.00003218077504,3.265986323710904,0.0,1.0
5393,75,1.9544100476116797,6623.0,3603.0,90.00003218077504,3.265986323710904,0.0,1.0
5394,25,1.1283791670955126,6986.0,3603.0,45.00001609038752,0.0,0.0,0.0
5395,25,1.1283791670955126,4867.0,3604.0,45.00001609038752,0.0,0.0,0.0
5396,25,1.1283791670955126,4940.0,3604.0,45.00001609038752,0.0,0.0,0.0
5397,175,2.985410660720923,6581.0,3604.0,90.00003218077504,8.0,0.0,5.0
5398,100,2.256758334191025,6587.5,3604.0,90.00003218077504,4.47213595499958,0.0,2.0
5399,100,2.256758334191025,6619.5,3604.0,90.00003218077504,4.47213595499958,0.0,2.0
5400,5525,16.774562271083887,6880.180995475113,3621.9864253393666,-23.861419093330994,72.46759675000398,26.27064078944288,139.43250352560273
5401,2475,11.227230955528665,10714.717171717171,3608.59595959596,-76.15804888283444,39.050581398825635,4.298066536966287,72.49137802864844
5402,25,1.1283791670955126,4941.0,3605.0,45.00001609038752,0.0,0.0,0.0
5403,175,2.985410660720923,6614.0,3605.0,90.00003218077504,8.0,0.0,5.0
5404,25,1.1283791670955126,4866.0,3606.0,45.00001609038752,0.0,0.0,0.0
5405,25,1.1283791670955126,4942.0,3606.0,45.00001609038752,0.0,0.0,0.0
5406,125,2.5231325220201604,10655.0,3607.0,-58.28254642828171,4.093338188813542,1.5635160606788385,5.414213562373095
5407,25,1.1283791670955126,10675.0,3606.0,45.00001609038752,0.0,0.0,0.0
5408,75,1.9544100476116797,10681.0,3606.0,90.00003218077504,3.265986323710904,0.0,1.0
5409,25,1.1283791670955126,4943.0,3607.0,45.00001609038752,0.0,0.0,0.0
5410,75,1.9544100476116797,10618.0,3607.0,90.00003218077504,3.265986323710904,0.0,1.0
5411,25,1.1283791670955126,10674.0,3607.0,45.00001609038752,0.0,0.0,0.0
5412,50,1.5957691216057308,10677.5,3607.0,90.00003218077504,2.0,0.0,0.0
5413,100,2.256758334191025,4657.5,3608.5,45.00001609038752,2.0,2.0,4.0
5414,25,1.1283791670955126,4944.0,3608.0,45.00001609038752,0.0,0.0,0.0
5415,25,1.1283791670955126,10675.0,3608.0,45.00001609038752,0.0,0.0,0.0
5416,25,1.1283791670955126,4945.0,3609.0,45.00001609038752,0.0,0.0,0.0
5417,225,3.385137501286538,10696.444444444445,3609.777777777778,-84.1158856108055,5.048517253312363,2.473340214085466,7.621320343559642
5418,25,1.1283791670955126,625.0,3610.0,45.00001609038752,0.0,0.0,0.0
5419,50,1.5957691216057308,4864.0,3611.5,0.0,2.0,0.0,0.0
5420,75,1.9544100476116797,10653.333333333334,3611.3333333333335,45.00001609038752,2.3094010767585034,1.3333333333333333,3.414213562373095
5421,250,3.5682482323055424,624.3,3613.9,-30.127570124064544,3.8587512539327755,3.5085664822363323,9.242640687119284
5422,25,1.1283791670955126,627.0,3612.0,45.00001609038752,0.0,0.0,0.0
5423,100,2.256758334191025,8852.25,3613.0,0.0,2.8284271247461903,1.7320508075688772,4.621320343559642
5424,525,5.170882945826411,10644.0,3614.6190476190477,-65.27996277565218,9.380594725923881,3.4318632283869603,14.313708498984763
5425,25,1.1283791670955126,10713.0,3612.0,45.00001609038752,0.0,0.0,0.0
5426,50,1.5957691216057308,596.0,3613.5,0.0,2.0,0.0,0.0
5427,25,1.1283791670955126,4948.0,3613.0,45.00001609038752,0.0,0.0,0.0
5428,25,1.1283791670955126,4949.0,3614.0,45.00001609038752,0.0,0.0,0.0
5429,75,1.9544100476116797,6907.0,3614.0,90.00003218077504,3.265986323710904,0.0,1.0
5430,50,1.5957691216057308,6914.5,3614.0,90.00003218077504,2.0,0.0,0.0
5431,25,1.1283791670955126,10692.0,3614.0,45.00001609038752,0.0,0.0,0.0
5432,16250,28.76813695875796,10697.66,3629.1215384615384,10.63703834514544,34.559045948824256,28.559550696859056,149.99494936611666
5433,25,1.1283791670955126,4863.0,3615.0,45.00001609038752,0.0,0.0,0.0
5434,50,1.5957691216057308,6918.5,3615.0,90.00003218077504,2.0,0.0,0.0
5435,25,1.1283791670955126,6920.0,3616.0,45.00001609038752,0.0,0.0,0.0
5436,100,2.256758334191025,8853.0,3617.5,0.0,4.47213595499958,0.0,2.0
5437,25,1.1283791670955126,621.0,3617.0,45.00001609038752,0.0,0.0,0.0
5438,25,1.1283791670955126,627.0,3617.0,45.00001609038752,0.0,0.0,0.0
5439,25,1.1283791670955126,4951.0,3617.0,45.00001609038752,0.0,0.0,0.0
5440,25,1.1283791670955126,6921.0,3617.0,45.00001609038752,0.0,0.0,0.0
5441,125,2.5231325220201604,624.0,3618.0,90.00003218077504,5.656854249492381,0.0,3.0
5442,25,1.1283791670955126,4862.0,3618.0,45.00001609038752,0.0,0.0,0.0
5443,50,1.5957691216057308,6922.5,3618.0,90.00003218077504,2.0,0.0,0.0
5444,500,5.046265044040321,4910.75,3622.4,4.922414381679708,6.631575897664924,5.026151720104522,18.071067811865476
5445,25,1.1283791670955126,6924.0,3619.0,45.00001609038752,0.0,0.0,0.0
5446,800,6.383076486422923,10640.4375,3622.875,18.939986905779573,10.7423765140639,7.231102739561122,29.071067811865476
5447,25,1.1283791670955126,643.0,3620.0,45.00001609038752,0.0,0.0,0.0
5448,50,1.5957691216057308,6925.0,3620.5,0.0,2.0,0.0,0.0
5449,50,1.5957691216057308,10635.0,3620.5,0.0,2.0,0.0,0.0
5450,75,1.9544100476116797,8853.333333333334,3621.6666666666665,-45.00001609038752,2.3094010767585034,1.3333333333333333,3.414213562373095
5451,3375,13.110581167104948,10665.08888888889,3628.340740740741,-71.47289210160801,39.804499810992645,5.560702357516994,80.31980515339464
5452,25,1.1283791670955126,6926.0,3622.0,45.00001609038752,0.0,0.0,0.0
5453,25,1.1283791670955126,10644.0,3622.0,45.00001609038752,0.0,0.0,0.0
5454,100,2.256758334191025,4861.0,3624.5,0.0,4.47213595499958,0.0,2.0
5455,25,1.1283791670955126,6927.0,3623.0,45.00001609038752,0.0,0.0,0.0
5456,150,2.763953195770684,10665.833333333334,3623.6666666666665,-77.06684915928662,4.363338213437162,1.65500979239906,5.0
5457,25,1.1283791670955126,10723.0,3623.0,45.00001609038752,0.0,0.0,0.0
5458,75,1.9544100476116797,10660.0,3624.0,90.00003218077504,3.265986323710904,0.0,1.0
5459,25,1.1283791670955126,10721.0,3624.0,45.00001609038752,0.0,0.0,0.0
5460,75,1.9544100476116797,8853.333333333334,3625.6666666666665,-45.00001609038752,2.3094010767585034,1.3333333333333333,3.414213562373095
5461,875,6.6755811781245455,4911.257142857143,3633.4285714285716,6.918806035752365,16.936142838482503,2.6883961608704694,28.242640687119287
5462,50,1.5957691216057308,10680.0,3626.5,0.0,2.0,0.0,0.0
5463,25,1.1283791670955126,6929.0,3627.0,45.00001609038752,0.0,0.0,0.0
5464,1050,7.312732791431452,10620.761904761905,3630.4523809523807,-70.0772295493128,12.567325143149134,6.573755865866433,35.55634918610404
5465,300,3.9088200952233594,10631.083333333334,3628.6666666666665,-79.73065562392873,6.922749522740381,2.2030244717604908,10.035533905932738
5466,650,5.753627391751592,10677.461538461539,3632.6923076923076,-13.836539559896462,8.841609367223263,4.365399526755721,21.14213562373095
5467,100,2.256758334191025,10681.25,3628.75,-18.43495541459913,3.4641016151377544,1.4142135623730951,3.2071067811865475
5468,75,1.9544100476116797,10684.333333333334,3628.3333333333335,45.00001609038752,2.3094010767585034,1.3333333333333333,3.414213562373095
5469,25,1.1283791670955126,6930.0,3629.0,45.00001609038752,0.0,0.0,0.0
5470,2050,10.217907939900583,10640.475609756097,3638.9268292682927,-26.048102580849463,26.788199146737014,6.282351211326555,56.87005768508881
5471,100,2.256758334191025,4958.5,3631.0,31.71748575249332,3.23606797749979,1.2360679774997898,4.414213562373095
5472,25,1.1283791670955126,10609.0,3630.0,45.00001609038752,0.0,0.0,0.0
5473,975,7.046725639945928,10635.820512820514,3634.025641025641,-61.11895425754709,11.461154234154293,6.794649064923825,31.313708498984763
5474,275,3.742410318509555,10672.545454545454,3631.4545454545455,45.00001609038752,4.585280077424906,3.190896140869863,10.65685424949238
5475,100,2.256758334191025,10606.0,3631.5,-58.28254642828171,3.23606797749979,1.2360679774997898,4.414213562373095
5476,25,1.1283791670955126,6931.0,3632.0,45.00001609038752,0.0,0.0,0.0
5477,75,1.9544100476116797,10628.0,3632.0,90.00003218077504,3.265986323710904,0.0,1.0
5478,25,1.1283791670955126,4860.0,3633.0,45.00001609038752,0.0,0.0,0.0
5479,25,1.1283791670955126,8855.0,3633.0,45.00001609038752,0.0,0.0,0.0
5480,9775,22.312253628700276,10622.196930946291,3648.242966751918,37.45053759885593,42.31448833649246,18.393840404580118,138.74621202458752
5481,25,1.1283791670955126,8857.0,3634.0,45.00001609038752,0.0,0.0,0.0
5482,150,2.763953195770684,10666.333333333334,3634.8333333333335,-60.767417680837475,5.00274675656753,1.4434805162398887,6.414213562373095
5483,50,1.5957691216057308,10681.5,3634.0,90.00003218077504,2.0,0.0,0.0
5484,75,1.9544100476116797,8856.0,3636.0,0.0,3.265986323710904,0.0,1.0
5485,900,6.770275002573076,10658.055555555555,3638.9444444444443,-30.08113920847981,11.764948805093454,6.336708991905662,28.106601717798213
5486,25,1.1283791670955126,10673.0,3636.0,45.00001609038752,0.0,0.0,0.0
5487,25,1.1283791670955126,4915.0,3637.0,45.00001609038752,0.0,0.0,0.0
5488,100,2.256758334191025,10647.5,3637.5,45.00001609038752,2.0,2.0,4.0
5489,125,2.5231325220201604,10671.2,3637.6,-71.5650767661759,3.098386676965933,1.7888543819998317,5.207106781186548
5490,2275,10.764051215546116,10677.417582417582,3640.5054945054944,-78.14886826214271,35.57488385160058,4.906802945264365,67.14213562373095
5491,250,3.5682482323055424,10665.8,3639.0,-64.32992712911364,5.438198096416778,2.2329356157598745,9.035533905932738
5492,50,1.5957691216057308,592.0,3639.5,0.0,2.0,0.0,0.0
5493,175,2.985410660720923,10651.57142857143,3640.1428571428573,-79.09932353989771,3.6486656040768595,2.5058084612197167,7.242640687119286
5494,25,1.1283791670955126,10733.0,3639.0,45.00001609038752,0.0,0.0,0.0
5495,50,1.5957691216057308,4861.0,3640.5,0.0,2.0,0.0,0.0
5496,2000,10.092530088080641,6890.5625,3650.1125,-33.86351913682908,27.201184541101266,8.15049443659423,55.94112549695428
5497,25,1.1283791670955126,10637.0,3640.0,45.00001609038752,0.0,0.0,0.0
5498,200,3.1915382432114616,10719.0,3641.125,-60.34988285435508,5.552553065882964,1.7085533209571493,8.414213562373096
5499,75,1.9544100476116797,10729.666666666666,3640.6666666666665,45.00001609038752,2.3094010767585034,1.3333333333333333,3.414213562373095
5500,375,4.370193722368317,4913.066666666667,3643.8,-36.86991082919827,6.531972647421808,3.7712361663282525,14.242640687119284
5501,100,2.256758334191025,10635.5,3641.5,45.00001609038752,2.0,2.0,4.0
5502,325,4.068428945128219,10646.0,3641.846153846154,77.74020645300685,6.5917248556076355,2.804063639687965,11.414213562373096
5503,25,1.1283791670955126,10690.0,3641.0,45.00001609038752,0.0,0.0,0.0
5504,25,1.1283791670955126,4910.0,3642.0,45.00001609038752,0.0,0.0,0.0
5505,25,1.1283791670955126,6907.0,3642.0,45.00001609038752,0.0,0.0,0.0
5506,25,1.1283791670955126,7799.0,3642.0,45.00001609038752,0.0,0.0,0.0
5507,125,2.5231325220201604,10631.2,3642.4,71.5650767661759,3.098386676965933,1.7888543819998317,5.207106781186548
5508,600,5.527906391541368,10685.708333333334,3645.5,-8.012532273997298,9.372283535464444,5.240787811619322,19.86396103067893
5509,25,1.1283791670955126,7797.0,3643.0,45.00001609038752,0.0,0.0,0.0
5510,500,5.046265044040321,10653.5,3647.45,2.797519161532824,12.693753267701402,2.2866193340212893,19.035533905932738
5511,25,1.1283791670955126,10723.0,3643.0,45.00001609038752,0.0,0.0,0.0
5512,75,1.9544100476116797,7795.666666666667,3644.6666666666665,45.00001609038752,2.3094010767585034,1.3333333333333333,3.414213562373095
5513,50,1.5957691216057308,8856.0,3645.5,0.0,2.0,0.0,0.0
5514,25,1.1283791670955126,10648.0,3645.0,45.00001609038752,0.0,0.0,0.0
5515,150,2.763953195770684,10670.833333333334,3646.0,-36.86991082919826,3.8297084310253524,1.8856180831641265,6.207106781186548
5516,3175,12.716187407449045,10666.346456692914,3651.448818897638,-76.42500238714238,28.008554950176954,8.94687714537537,73.35533905932738
5517,175,2.985410660720923,4862.714285714285,3647.0,56.599315494703966,4.796702691401646,1.7646790841090736,7.207106781186548
5518,25,1.1283791670955126,10647.0,3646.0,45.00001609038752,0.0,0.0,0.0
5519,125,2.5231325220201604,10649.6,3647.2,-18.43495541459913,3.098386676965933,1.7888543819998317,5.207106781186548
5520,50,1.5957691216057308,10628.0,3647.5,0.0,2.0,0.0,0.0
5521,150,2.763953195770684,10642.0,3647.5,90.00003218077504,3.265986323710904,2.0,6.0
5522,125,2.5231325220201604,10681.6,3648.2,-18.43495541459913,3.098386676965933,1.7888543819998317,5.207106781186548
5523,25,1.1283791670955126,6931.0,3648.0,45.00001609038752,0.0,0.0,0.0
5524,25,1.1283791670955126,10632.0,3648.0,45.00001609038752,0.0,0.0,0.0
5525,825,6.4820448144285745,10642.363636363636,3652.242424242424,-51.790760991723445,10.33062865491059,5.000997469489526,26.31370849898476
5526,150,2.763953195770684,6927.166666666667,3649.6666666666665,26.565060675788384,3.0550504633038935,2.666666666666667,6.414213562373095
5527,25,1.1283791670955126,10629.0,3649.0,45.00001609038752,0.0,0.0,0.0
5528,25,1.1283791670955126,10639.0,3649.0,45.00001609038752,0.0,0.0,0.0
5529,2425,11.11324596323283,10707.350515463917,3657.556701030928,14.237260725410255,25.135524181630096,10.620082141930968,63.62741699796952
5530,25,1.1283791670955126,6894.0,3650.0,45.00001609038752,0.0,0.0,0.0
5531,1300,8.136857890256438,6916.865384615385,3655.423076923077,86.66823249803113,19.16318767476232,7.3852196251071875,42.10660171779821
5532,25,1.1283791670955126,6931.0,3650.0,45.00001609038752,0.0,0.0,0.0
5533,25,1.1283791670955126,8857.0,3650.0,45.00001609038752,0.0,0.0,0.0
5534,25,1.1283791670955126,10630.0,3650.0,45.00001609038752,0.0,0.0,0.0
5535,350,4.222008245644752,10635.5,3651.714285714286,57.69195176044297,5.848232572404511,4.061040917066379,12.242640687119284
5536,125,2.5231325220201604,10648.4,3651.2,18.43495541459913,3.098386676965933,1.7888543819998317,5.207106781186548
5537,4475,15.09668435477122,10734.217877094972,3656.078212290503,-66.18824365223318,19.329882842446565,13.808786528323285,62.14823227814083
5538,75,1.9544100476116797,4863.0,3652.0,0.0,3.265986323710904,0.0,1.0
5539,75,1.9544100476116797,10697.333333333334,3651.3333333333335,45.00001609038752,2.3094010767585034,1.3333333333333333,3.414213562373095
5540,25,1.1283791670955126,8858.0,3653.0,45.00001609038752,0.0,0.0,0.0
5541,150,2.763953195770684,10646.5,3655.5,-71.5650767661759,3.9999999999999996,1.632993161855452,6.414213562373095
5542,25,1.1283791670955126,10677.0,3655.0,45.00001609038752,0.0,0.0,0.0
5543,75,1.9544100476116797,10699.666666666666,3655.6666666666665,45.00001609038752,2.3094010767585034,1.3333333333333333,3.414213562373095
5544,25,1.1283791670955126,4864.0,3656.0,45.00001609038752,0.0,0.0,0.0
5545,25,1.1283791670955126,10634.0,3656.0,45.00001609038752,0.0,0.0,0.0
5546,225,3.385137501286538,10674.333333333334,3657.0,-54.21749379768709,4.25044367047193,2.612014068307059,7.621320343559642
5547,75,1.9544100476116797,10666.333333333334,3657.6666666666665,-45.00001609038752,2.3094010767585034,1.3333333333333333,3.414213562373095
5548,50,1.5957691216057308,4865.0,3658.5,0.0,2.0,0.0,0.0
5549,25,1.1283791670955126,6776.0,3658.0,45.00001609038752,0.0,0.0,0.0
5550,650,5.753627391751592,10666.153846153846,3661.153846153846,-67.78617566189665,11.777563640501636,4.250889293158692,22.242640687119284
5551,225,3.385137501286538,7799.222222222223,3661.0,0.0,4.618802153517006,2.5141574442188355,8.82842712474619
5552,25,1.1283791670955126,10659.0,3660.0,45.00001609038752,0.0,0.0,0.0
5553,100,2.256758334191025,10709.25,3660.75,-71.5650767661759,3.4641016151377544,1.4142135623730951,3.2071067811865475
5554,100,2.256758334191025,5946.5,3661.5,45.00001609038752,2.0,2.0,4.0
5555,175,2.985410660720923,10657.0,3663.0,45.00001609038752,3.7032803990902057,2.138089935299395,6.82842712474619
5556,75,1.9544100476116797,10738.0,3662.0,90.00003218077504,3.265986323710904,0.0,1.0
5557,25,1.1283791670955126,4867.0,3664.0,45.00001609038752,0.0,0.0,0.0
5558,50,1.5957691216057308,10649.5,3664.0,90.00003218077504,2.0,0.0,0.0
5559,900,6.770275002573076,10669.75,3667.722222222222,-53.82668358334733,15.457899073084311,5.347575723903534,29.65685424949238
5560,25,1.1283791670955126,6935.0,3665.0,45.00001609038752,0.0,0.0,0.0
5561,125,2.5231325220201604,10647.8,3666.2,-45.00001609038752,4.0,1.3856406460551023,5.414213562373095
5562,100,2.256758334191025,10703.5,3665.5,45.00001609038752,2.0,2.0,4.0
5563,25,1.1283791670955126,10726.0,3665.0,45.00001609038752,0.0,0.0,0.0
5564,25,1.1283791670955126,596.0,3666.0,45.00001609038752,0.0,0.0,0.0
5565,25,1.1283791670955126,4868.0,3666.0,45.00001609038752,0.0,0.0,0.0
5566,25,1.1283791670955126,6926.0,3667.0,45.00001609038752,0.0,0.0,0.0
5567,600,5.527906391541368,10641.708333333334,3668.7916666666665,77.2847128611836,13.033645370838306,2.59522628268447,21.621320343559642
5568,25,1.1283791670955126,10665.0,3667.0,45.00001609038752,0.0,0.0,0.0
5569,25,1.1283791670955126,4869.0,3668.0,45.00001609038752,0.0,0.0,0.0
5570,25,1.1283791670955126,6925.0,3668.0,45.00001609038752,0.0,0.0,0.0
5571,25,1.1283791670955126,6928.0,3668.0,45.00001609038752,0.0,0.0,0.0
5572,25,1.1283791670955126,6934.0,3668.0,45.00001609038752,0.0,0.0,0.0
5573,150,2.763953195770684,10609.833333333334,3669.3333333333335,26.565060675788352,3.0550504633038935,2.6666666666666665,6.414213562373095
5574,75,1.9544100476116797,10651.666666666666,3668.3333333333335,-45.00001609038752,2.3094010767585034,1.3333333333333333,3.414213562373095
5575,25,1.1283791670955126,6927.0,3669.0,45.00001609038752,0.0,0.0,0.0
5576,25,1.1283791670955126,4870.0,3670.0,45.00001609038752,0.0,0.0,0.0
5577,500,5.046265044040321,5818.4,3672.15,56.41573549894377,8.48166445708444,4.684161401727158,18.242640687119284
5578,50,1.5957691216057308,5822.5,3670.0,90.00003218077504,2.0,0.0,0.0
5579,50,1.5957691216057308,5939.5,3670.0,90.00003218077504,2.0,0.0,0.0
5580,50,1.5957691216057308,6923.5,3670.0,90.00003218077504,2.0,0.0,0.0
5581,25,1.1283791670955126,10650.0,3670.0,45.00001609038752,0.0,0.0,0.0
5582,375,4.370193722368317,5745.533333333334,3672.733333333333,65.63120869565503,7.015048547509414,3.016654601905424,12.621320343559644
5583,25,1.1283791670955126,10612.0,3671.0,45.00001609038752,0.0,0.0,0.0
5584,25,1.1283791670955126,4871.0,3672.0,45.00001609038752,0.0,0.0,0.0
5585,375,4.370193722368317,5873.0,3673.133333333333,90.00003218077504,6.531972647421808,2.8720878971384023,12.82842712474619
5586,25,1.1283791670955126,10648.0,3672.0,45.00001609038752,0.0,0.0,0.0
5587,25,1.1283791670955126,4872.0,3673.0,45.00001609038752,0.0,0.0,0.0
5588,50,1.5957691216057308,5897.5,3673.0,90.00003218077504,2.0,0.0,0.0
5589,25,1.1283791670955126,5635.0,3674.0,45.00001609038752,0.0,0.0,0.0
5590,25,1.1283791670955126,5646.0,3674.0,45.00001609038752,0.0,0.0,0.0
5591,25,1.1283791670955126,5869.0,3674.0,45.00001609038752,0.0,0.0,0.0
5592,25,1.1283791670955126,5877.0,3674.0,45.00001609038752,0.0,0.0,0.0
5593,50,1.5957691216057308,5895.0,3674.5,0.0,2.0,0.0,0.0
5594,75,1.9544100476116797,6928.0,3674.0,90.00003218077504,3.265986323710904,0.0,1.0
5595,25,1.1283791670955126,6945.0,3674.0,45.00001609038752,0.0,0.0,0.0
5596,25,1.1283791670955126,4873.0,3675.0,45.00001609038752,0.0,0.0,0.0
